[ 1884.221358] [   1188]     0  1188    11305      138   122880        0             0 wpa_supplicant
[ 1884.221360] [   1189]   116  1189    11813       85   131072        0             0 avahi-daemon
[ 1884.221362] [   1190]     0  1190     1137       15    57344        0             0 acpid
[ 1884.221363] [   1191]     0  1191    27619       81   118784        0             0 irqbalance
[ 1884.221365] [   1202]     0  1202    17768      321   184320        0             0 systemd-logind
[ 1884.221367] [   1209]     0  1209    10036       71   102400        0             0 cron
[ 1884.221369] [   1210]     0  1210    26929      316   233472        0             0 cupsd
[ 1884.221371] [   1213]     0  1213   108582      355   356352        0             0 ModemManager
[ 1884.221372] [   1216]     0  1216   141850      723   438272        0             0 NetworkManager
[ 1884.221374] [   1217]   102  1217    65758      127   163840        0             0 rsyslogd
[ 1884.221376] [   1223]     0  1223    73264      666   204800        0             0 polkitd
[ 1884.221378] [   1257]   116  1257    11768       85   126976        0             0 avahi-daemon
[ 1884.221380] [   1258]     0  1258    75880      356   344064        0             0 cups-browsed
[ 1884.221382] [   1413]     0  1413    49030     1989   258048        0             0 unattended-upgr
[ 1884.221384] [   1533]     0  1533     6497      316    90112        0             0 dhclient
[ 1884.221385] [   1553]   999  1553    19247      380   196608        0             0 systemd
[ 1884.221387] [   1554]   999  1554    28471      603   249856        0             0 (sd-pam)
[ 1884.221389] [   1567]   999  1567    13169      836   147456        0             0 dbus-daemon
[ 1884.221391] [   1659]   112  1659    97114      446   385024        0             0 whoopsie
[ 1884.221393] [   1660]   113  1660    14234      112   143360        0             0 kerneloops
[ 1884.221394] [   1662]   113  1662    14234      112   147456        0             0 kerneloops
[ 1884.221396] [   1764]     0  1764    81031      316   233472        0             0 upowerd
[ 1884.221398] [   1770]   999  1770    73429      219   184320        0             0 gvfsd
[ 1884.221400] [   1777]   999  1777   104028      134   184320        0             0 gvfsd-fuse
[ 1884.221401] [   1812]   999  1812   426198     1134   442368        0             0 pulseaudio
[ 1884.221403] [   1814]   109  1814    45875       68   122880        0             0 rtkit-daemon
[ 1884.221405] [   1884]   999  1884    68327      106   147456        0             0 xdg-permission-
[ 1884.221407] [   1891]     0  1891    74647      185   200704        0             0 boltd
[ 1884.221409] [   1898]     0  1898   112602     1116   303104        0             0 packagekitd
[ 1884.221411] [   1902]   999  1902    77045      346   212992        0             0 gvfs-udisks2-vo
[ 1884.221413] [   1907]   999  1907    69399      158   151552        0             0 gvfs-mtp-volume
[ 1884.221414] [   1913]   999  1913    72630      186   180224        0             0 gvfs-gphoto2-vo
[ 1884.221416] [   1917]   999  1917    68948      134   155648        0             0 gvfs-goa-volume
[ 1884.221418] [   1922]   999  1922   194482     1359   692224        0             0 goa-daemon
[ 1884.221420] [   1958]   999  1958    76276      208   208896        0             0 goa-identity-se
[ 1884.221422] [   1963]   999  1963    95140      213   212992        0             0 gvfs-afc-volume
[ 1884.221423] [   5320]     0  5320   346457     5352   331776        0          -900 snapd
[ 1884.221425] [   5502]   999  5502    87323      166   176128        0             0 at-spi-bus-laun
[ 1884.221427] [   5507]   999  5507    12480      116   135168        0             0 dbus-daemon
[ 1884.221429] [   5509]   999  5509    55160      173   192512        0             0 at-spi2-registr
[ 1884.221431] [   5625]     0  5625    77367      328   221184        0             0 gdm3
[ 1884.221433] [   5629]     0  5629    68321      395   299008        0             0 gdm-session-wor
[ 1884.221435] [   5653]   999  5653    72448      264   184320        0             0 gnome-keyring-d
[ 1884.221436] [   5657]   999  5657    53386      264   172032        0             0 gdm-x-session
[ 1884.221438] [   5659]   999  5659   276794    19220   806912        0             0 Xorg
[ 1884.221440] [   5673]   999  5673   177028      794   438272        0             0 gnome-session-b
[ 1884.221442] [   5768]   999  5768     2825       78    53248        0             0 ssh-agent
[ 1884.221444] [   5796]   999  5796    72377      277   184320        0             0 gnome-keyring-d
[ 1884.221445] [   5809]   999  5809  1121164    57953  1859584        0             0 gnome-shell
[ 1884.221447] [   5879]   999  5879   109328      648   208896        0             0 ibus-daemon
[ 1884.221449] [   5883]   999  5883    70539      256   167936        0             0 ibus-dconf
[ 1884.221451] [   5885]   999  5885    86356     1258   425984        0             0 ibus-x11
[ 1884.221453] [   5887]   999  5887    69993      195   167936        0             0 ibus-portal
[ 1884.221455] [   5917]   999  5917   172398      746   487424        0             0 gnome-shell-cal
[ 1884.221456] [   5932]   999  5932   173425     1222   745472        0             0 evolution-sourc
[ 1884.221458] [   5937]   999  5937    47006      184   139264        0             0 dconf-service
[ 1884.221460] [   5947]   999  5947   148116     1434   495616        0             0 gsd-power
[ 1884.221462] [   5948]   999  5948    87683      423   307200        0             0 gsd-print-notif
[ 1884.221463] [   5951]   999  5951   106190      248   180224        0             0 gsd-rfkill
[ 1884.221465] [   5955]   999  5955    69287      250   155648        0             0 gsd-screensaver
[ 1884.221467] [   5961]   999  5961   113561      432   229376        0             0 gsd-sharing
[ 1884.221469] [   5965]   999  5965    94837      337   225280        0             0 gsd-smartcard
[ 1884.221471] [   5966]   999  5966    83567      375   258048        0             0 gsd-sound
[ 1884.221472] [   5971]   999  5971   124036     1461   450560        0             0 gsd-xsettings
[ 1884.221474] [   5976]   999  5976   107478     1328   450560        0             0 gsd-wacom
[ 1884.221476] [   5984]   999  5984    69892      272   163840        0             0 gsd-a11y-settin
[ 1884.221478] [   5992]   999  5992    86259     1250   421888        0             0 gsd-clipboard
[ 1884.221480] [   5994]   999  5994   185835     1406   520192        0             0 gsd-color
[ 1884.221481] [   5997]   999  5997   117788      560   446464        0             0 gsd-datetime
[ 1884.221483] [   5999]   999  5999    91467      314   204800        0             0 gsd-housekeepin
[ 1884.221485] [   6000]   999  6000   126990     1362   475136        0             0 gsd-keyboard
[ 1884.221487] [   6008]   999  6008   270290     1480   552960        0             0 gsd-media-keys
[ 1884.221489] [   6010]   999  6010    69893      248   163840        0             0 gsd-mouse
[ 1884.221490] [   6041]   117  6041    82032     1223   262144        0             0 colord
[ 1884.221492] [   6050]   999  6050    67983      250   167936        0             0 gsd-disk-utilit
[ 1884.221494] [   6056]   999  6056   250969     9373   851968        0             0 nautilus-deskto
[ 1884.221496] [   6071]   999  6071   127543      524   446464        0             0 gsd-printer
[ 1884.221498] [   6097]   999  6097    92850      283   200704        0             0 gvfsd-trash
[ 1884.221500] [   6115]   999  6115   223387    10149   888832        0             0 evolution-calen
[ 1884.221501] [   6158]   999  6158    51576      273   155648        0             0 ibus-engine-sim
[ 1884.221503] [   6166]   999  6166   284315     9946   712704        0             0 evolution-calen
[ 1884.221505] [   6241]   999  6241   183556      998   569344        0             0 evolution-addre
[ 1884.221507] [   6256]   999  6256   271034     1051   610304        0             0 evolution-addre
[ 1884.221509] [   6295]   999  6295    51472      235   155648        0             0 gvfsd-metadata
[ 1884.221511] [   6979]   999  6979   148601     1323   491520        0             0 update-notifier
[ 1884.221513] [   7144]   999  7144   124202      231   180224        0             0 xdg-document-po
[ 1884.221515] [   7355]   999  7355   197737     1541   712704        0             0 deja-dup-monito
[ 1884.221517] [   7364]   999  7364   173753     2333   774144        0             0 remmina
[ 1884.221519] [   7372]   999  7372   164182     3720   602112        0             0 gnome-system-mo
[ 1884.221520] [   7606]   999  7606   306578    33850  1171456        0             0 gnome-software
[ 1884.221522] [   7613]     0  7613   140599     2820   499712        0             0 fwupd
[ 1884.221524] [   7635]     0  7635    28009       83   102400        0             0 gpg-agent
[ 1884.221526] [   7697]   999  7697   907893    70934  2318336        0             0 firefox
[ 1884.221527] [   7759]   999  7759   644782     6186   937984        0             0 WebExtensions
[ 1884.221529] [   7780]   999  7780   789296   103441  2883584        0             0 Web Content
[ 1884.221531] [   8005]     0  8005   118800     5504   585728        0          -900 python3
[ 1884.221533] [   8211]   999  8211   471061     8979  1757184        0             0 gnome-control-c
[ 1884.221535] [   8249]   999  8249   639155     4279   798720        0             0 Web Content
[ 1884.221537] [   8848]   999  8848   760818    77402  2748416        0             0 krita
[ 1884.221539] [   9593]     0  9593    15456      121   159744        0             0 systemd-timedat
[ 1884.221541] [   9732]     0  9732     4905       69    69632        0          -900 apparmor_parser
[ 1884.221543] [   9733]     0  9733   109099   104205   897024        0          -900 apparmor_parser
[ 1884.221544] oom-kill:constraint=CONSTRAINT_NONE,nodemask=(null),cpuset=/,mems_allowed=0,global_oom,task_memcg=/,task=Web Content,pid=7780,uid=999
[ 1884.221550] Out of memory: Kill process 7780 (Web Content) score 103 or sacrifice child
[ 1884.221629] Killed process 7780 (Web Content) total-vm:3157184kB, anon-rss:355300kB, file-rss:0kB, shmem-rss:58464kB
[ 1884.251225] oom_reaper: reaped process 7780 (Web Content), now anon-rss:0kB, file-rss:0kB, shmem-rss:57912kB
[ 2185.893252] perf: interrupt took too long (4915 > 4910), lowering kernel.perf_event_max_sample_rate to 40500
