[  pid  ]   uid  tgid total_vm      rss pgtables_bytes swapents oom_score_adj name
[1203504]  5000 1203504     3918     1779    73728      450             0 xterm
[1203516]  5000 1203516     1015      613    53248       59             0 xterm-command.s
[1203517]  5000 1203517  8495383    87066  4055040    81504             0 firefox
[1203662]  5000 1203662    61545     8057   319488     2057             0 Socket Process
[1203939]  5000 1203939  5030173    57238  3198976    15572           100 WebExtensions
[1204306]  5000 1204306   641426    24412   929792    10415           167 Privileged Cont
[1208199]  5000 1208199   718634    29968  2486272    69686           167 Isolated Web Co
[1208468]  5000 1208468  8127852  3877582 61218816    33213           100 Isolated Web Co
[1209688]  5000 1209688   672816    26645  1454080    26279           167 Isolated Web Co
[1212243]  5000 1212243   120588    19135   782336     3064             0 RDD Process
[1217040]  5000 1217040   654094    25975  1396736    25864           167 Isolated Web Co
[1519350]  5000 1519350    82218     8646   430080     2825             0 Utility Process
[2341092]  5000 2341092   627676    24228   815104     9546           167 Isolated Web Co
[2518465]  5000 2518465   660582    31000  1138688    21208           167 Isolated Web Co
[1038183]  5000 1038183   657683    27727  1228800    18058           167 Isolated Web Co
[1038792]  5000 1038792   726715    30879  2678784    49235           167 Isolated Web Co
[1041838]  5000 1041838   730633    30447  2371584    52514           167 Isolated Web Co
[1042943]  5000 1042943   625813    23670   798720     9636           167 Isolated Web Co
[2344079]  5000 2344079   696275    28310  1413120    35391           167 Isolated Web Co
[2468127]  5000 2468127   706947    40568  1703936    27395           167 Isolated Web Co
[2520052]  5000 2520052   617518    22717   671744     5909           167 Isolated Web Co
[2520938]  5000 2520938   608250    15855   487424     3313           233 Web Content
[2520954]  5000 2520954   608250    15918   483328     3320           233 Web Content
[2562267]  5000 2562267   608250    15583   499712     3299           233 Web Content
