[257314.855560] [2062824]  1000 2062824   635937    14329   897024        0           167 Isolated Web Co
[257314.855562] [2063754]  1000 2063754   640179    17568   946176        0           167 Isolated Web Co
[257314.855564] [2064172]  1000 2064172   633079    14649   897024        0           167 Isolated Web Co
[257314.855566] [2065685]  1000 2065685   635700    15676   929792        0           167 Isolated Web Co
[257314.855568] [2066102]  1000 2066102   638946    18438   974848        0           167 Isolated Web Co
[257314.855570] [2066737]  1000 2066737   640677    18755   983040        0           167 Isolated Web Co
[257314.855572] [2071626]  1000 2071626   656783    29259  1261568        0           167 Isolated Web Co
[257314.855574] [2071688]  1000 2071688   639534    18530   983040        0           167 Isolated Web Co
[257314.855577] [2077224]  1000 2077224   402286    24289   778240        0             0 x-terminal-emul
[257314.855579] [2077225]  1000 2077225    12344     5415   122880        0             0 x-terminal-emul
[257314.855581] [2077242]  1000 2077242    49262    17795   245760        0             0 nvim
[257314.855583] [2078629]  1000 2078629   717574    89898  1093632        0             0 rust-analyzer
[257314.855585] [2078677]  1000 2078677    26161      488    81920        0             0 rust-analyzer
[257314.855588] [2091322]  1000 2091322   636570    17406   929792        0           167 Isolated Web Co
[257314.855590] [2092358]  1000 2092358   633175    11706   888832        0           100 Isolated Web Co
[257314.855592] [2092527]  1000 2092527   611482     3768   536576        0           233 Web Content
[257314.855594] [2095170]  1000 2095170      657       40    40960        0             0 wl-copy
[257314.855597] [2106348]  1000 2106348   337709    22375   716800        0             0 x-terminal-emul
[257314.855598] [2106349]  1000 2106349    12251     5244   126976        0             0 x-terminal-emul
[257314.855600] [2106365]  1000 2106365     3456     1178    61440        0             0 zsh
[257314.855602] [2106904]  1000 2106904     3410     1160    57344        0             0 zsh
[257314.855604] [2107189]  1000 2107189      741       29    40960        0             0 webserver
[257314.855606] [2107519]  1000 2107519   312574    17994   659456        0             0 x-terminal-emul
[257314.855608] [2107520]  1000 2107520    12093     5164   135168        0             0 x-terminal-emul
[257314.855610] [2107535]  1000 2107535     3412     1133    61440        0             0 zsh
[257314.855612] [2107609]  1000 2107609     3375     1113    57344        0             0 zsh
[257314.855614] [2108075]  1000 2108075     3168      169    61440        0             0 tmux: client
[257314.855616] [2108076]  1000 2108076     3517     1254    61440        0             0 zsh
[257314.855617] [2108194]  1000 2108194     3533     1261    57344        0             0 zsh
[257314.855620] [2113037]  1000 2113037   611481     3759   540672        0           233 Web Content
[257314.855622] [2153448]  1000 2153448   611480     3771   532480        0           233 Web Content
[257314.855625] [2165268]  1000 2165268     3838     1574    61440        0             0 zsh
[257314.855627] [2165519]  1000 2165519     2108      186    53248        0             0 bash
[257314.855629] [2165657]  1000 2165657   253624    52951  1441792        0             0 steam
[257314.855631] [2165696]  1000 2165696    89732     5342   221184        0             0 steam
[257314.855633] [2165697]  1000 2165697   122984    29077   782336        0             0 steamwebhelper
[257314.855635] [2165739]  1000 2165739    62432     2549   393216        0             0 steamwebhelper
[257314.855637] [2165740]  1000 2165740    62432     2550   393216        0             0 steamwebhelper
[257314.855639] [2165742]  1000 2165742    62432     2550   233472        0             0 steamwebhelper
[257314.855641] [2165754]  1000 2165754   206767    38624  1159168        0           200 steamwebhelper
[257314.855643] [2165802]  1000 2165802    76628     5220   466944        0             0 steamwebhelper
[257314.855645] [2167119]  1000 2167119     7027      644    53248        0             0 reaper
[257314.855647] [2167120]  1000 2167120     1152       28    53248        0             0 pv-bwrap
[257314.855649] [2167201]  1000 2167201     6786      145   118784        0             0 pressure-vessel
[257314.855652] [2167247]  1000 2167247    10869     2267    98304        0             0 python3
[257314.855653] [2167255]  1000 2167255   488162     4805   356352        0             0 steam
[257314.855656] [2167257]  1000 2167257    10154     3083    81920        0             0 wineserver
[257314.855658] [2167261]  1000 2167261   610080     8313   372736        0             0 services.exe
[257314.855659] [2167264]  1000 2167264   498645     8733   352256        0             0 winedevice.exe
[257314.855662] [2167271]  1000 2167271   530478     8222   339968        0             0 plugplay.exe
[257314.855664] [2167277]  1000 2167277   556690    10024   487424        0             0 winedevice.exe
[257314.855666] [2167426]  1000 2167426   478848     6960   266240        0             0 svchost.exe
[257314.855668] [2167431]  1000 2167431   454579     7850   372736        0             0 tabtip.exe
[257314.855670] [2167433]  1000 2167433   481764     2981   335872        0             0 explorer.exe
[257314.855672] [2167451]  1000 2167451   544379     7810   290816        0             0 rpcss.exe
[257314.855674] [2167525]  1000 2167525  1614691  1097937 10330112        0             0 foundation.exe
[257314.855676] [2167623]  1000 2167623    48461     7032   331776        0             0 gameoverlayui
[257314.855678] [2167652]  1000 2167652  1140590     3637   663552        0           300 steamwebhelper
[257314.855680] [2168643]  1000 2168643  1140284     3487   630784        0           300 steamwebhelper
[257314.855682] [2168656]  1000 2168656     1002       15    45056        0             0 sh
[257314.855684] oom-kill:constraint=CONSTRAINT_NONE,nodemask=(null),cpuset=/,mems_allowed=0,global_oom,task_memcg=/user.slice/user-XXXX.slice/session-1243.scope,task=steamwebhelper,pid=2167652,uid=1000
[257314.855714] Out of memory: Killed process 2167652 (steamwebhelper) total-vm:4562360kB, anon-rss:14528kB, file-rss:0kB, shmem-rss:20kB, UID:1000 pgtables:648kB oom_score_adj:300
[257314.990130] SDLAudioP2 invoked oom-killer: gfp_mask=0x140cca(GFP_HIGHUSER_MOVABLE|__GFP_COMP), order=0, oom_score_adj=0
[257314.990137] CPU: 15 PID: 2168022 Comm: SDLAudioP2 Tainted: P        W  OE     5.19.17-2-MANJARO #1 102e2536aa2b5608442e8dcc91820de16de437f2
[257314.990140] Hardware name: Gigabyte Technology Co., Ltd. X570 AORUS ELITE/X570 AORUS ELITE, BIOS F31q 12/18/2020
[257314.990141] Call Trace:
[257314.990143]  <TASK>
[257314.990146]  dump_stack_lvl+0x48/0x60
[257314.990151]  dump_header+0x4a/0x1ff
[257314.990153]  oom_kill_process.cold+0xb/0x10
[257314.990155]  out_of_memory+0x27e/0x520
[257314.990159]  __alloc_pages_slowpath.constprop.0+0xcd0/0xe20
[257314.990164]  __alloc_pages+0x224/0x250
[257314.990167]  folio_alloc+0x1b/0x50
[257314.990170]  __filemap_get_folio+0x1b5/0x350
[257314.990173]  filemap_fault+0x140/0x920
[257314.990175]  ? filemap_map_pages+0x157/0x7b0
[257314.990177]  __do_fault+0x36/0x110
[257314.990181]  do_fault+0x1c2/0x420
[257314.990182]  __handle_mm_fault+0xa0c/0x1000
[257314.990186]  handle_mm_fault+0xb2/0x280
[257314.990188]  do_user_addr_fault+0x1be/0x690
[257314.990192]  exc_page_fault+0x74/0x170
[257314.990195]  asm_exc_page_fault+0x26/0x30
[257314.990199] RIP: 0033:0x7fc69a68f9a0
[257314.990203] Code: Unable to access opcode bytes at RIP 0x7fc69a68f976.
[257314.990204] RSP: 002b:00007fc663bfe968 EFLAGS: 00210246
[257314.990206] RAX: 00007fc668037ae8 RBX: 00007fc668037ee0 RCX: 00007fc69f6ce0ef
[257314.990207] RDX: 0000000000000001 RSI: 0000000000000000 RDI: 00007fc6680381b0
[257314.990209] RBP: 00007fc634000f40 R08: 0000000000000002 R09: 0000000000000002
[257314.990210] R10: 0000000000000000 R11: 0000000000200246 R12: 0000000000000000
[257314.990211] R13: 00007fc668037ae8 R14: 0000000000000001 R15: 0000000000000000
[257314.990214]  </TASK>
[257314.990216] Mem-Info:
[257314.990218] active_anon:41232 inactive_anon:3203527 isolated_anon:0
                 active_file:832 inactive_file:904 isolated_file:0
                 unevictable:114 dirty:2 writeback:0
                 slab_reclaimable:90510 slab_unreclaimable:82438
                 mapped:109641 shmem:392024 pagetables:21324 bounce:0
                 kernel_misc_reclaimable:0
                 free:62761 free_pcp:2797 free_cma:0
[257314.990223] Node 0 active_anon:164928kB inactive_anon:12814108kB active_file:3328kB inactive_file:3616kB unevictable:456kB isolated(anon):0kB isolated(file):0kB mapped:438564kB dirty:8kB writeback:0kB shmem:1568096kB shmem_thp: 0kB shmem_pmdmapped: 0kB anon_thp: 1306624kB writeback_tmp:0kB kernel_stack:38528kB pagetables:85296kB all_unreclaimable? no
[257314.990228] Node 0 DMA free:13320kB boost:0kB min:60kB low:72kB high:84kB reserved_highatomic:0KB active_anon:0kB inactive_anon:0kB active_file:0kB inactive_file:0kB unevictable:0kB writepending:0kB present:15996kB managed:15368kB mlocked:0kB bounce:0kB free_pcp:0kB local_pcp:0kB free_cma:0kB
[257314.990233] lowmem_reserve[]: 0 2932 15897 15897 15897
[257314.990237] Node 0 DMA32 free:64176kB boost:0kB min:12452kB low:15564kB high:18676kB reserved_highatomic:0KB active_anon:7208kB inactive_anon:2124404kB active_file:68kB inactive_file:44kB unevictable:16kB writepending:0kB present:3087264kB managed:3021720kB mlocked:16kB bounce:0kB free_pcp:1692kB local_pcp:36kB free_cma:0kB
[257314.990241] lowmem_reserve[]: 0 0 12965 12965 12965
[257314.990245] Node 0 Normal free:173548kB boost:123888kB min:178952kB low:192716kB high:206480kB reserved_highatomic:2048KB active_anon:157720kB inactive_anon:10689704kB active_file:2548kB inactive_file:4544kB unevictable:440kB writepending:8kB present:13618688kB managed:13284036kB mlocked:436kB bounce:0kB free_pcp:9532kB local_pcp:736kB free_cma:0kB
[257314.990249] lowmem_reserve[]: 0 0 0 0 0
[257314.990252] Node 0 DMA: 0*4kB 1*8kB (U) 0*16kB 0*32kB 0*64kB 0*128kB 0*256kB 0*512kB 1*1024kB (U) 2*2048kB (UM) 2*4096kB (M) = 13320kB
[257314.990263] Node 0 DMA32: 162*4kB (UME) 396*8kB (UME) 652*16kB (UME) 447*32kB (UME) 95*64kB (UME) 109*128kB (UME) 36*256kB (U) 12*512kB (UM) 0*1024kB 0*2048kB 0*4096kB = 63944kB
[257314.990276] Node 0 Normal: 1261*4kB (UM) 5129*8kB (UM) 3249*16kB (UMEH) 2414*32kB (UMEH) 1*64kB (H) 1*128kB (H) 1*256kB (H) 1*512kB (H) 0*1024kB 0*2048kB 0*4096kB = 176268kB
[257314.990288] Node 0 hugepages_total=0 hugepages_free=0 hugepages_surp=0 hugepages_size=1048576kB
[257314.990289] Node 0 hugepages_total=0 hugepages_free=0 hugepages_surp=0 hugepages_size=2048kB
[257314.990290] 393691 total pagecache pages
[257314.990291] 0 pages in swap cache
[257314.990292] Swap cache stats: add 0, delete 0, find 0/0
[257314.990293] Free swap  = 0kB
[257314.990294] Total swap = 0kB
[257314.990294] 4180487 pages RAM
[257314.990295] 0 pages HighMem/MovableOnly
[257314.990296] 100206 pages reserved
[257314.990296] 0 pages cma reserved
[257314.990297] 0 pages hwpoisoned
[257314.990297] Tasks state (memory values in pages):
[257314.990298] [  pid  ]   uid  tgid total_vm      rss pgtables_bytes swapents oom_score_adj name
[257314.990306] [    381]     0   381    35224      580   315392        0          -250 systemd-journal
[257314.990309] [    395]     0   395     8627      819    86016        0         -1000 systemd-udevd
[257314.990314] [   1935]   979  1935    22757      288    81920        0             0 systemd-timesyn
[257314.990316] [   1940]   975  1940     2111      143    57344        0             0 avahi-daemon
[257314.990318] [   1941]     0  1941     3045      271    65536        0             0 bluetoothd
[257314.990320] [   1942]     0  1942     1843      204    49152        0             0 crond
[257314.990322] [   1943]    81  1943     2748      660    61440        0          -900 dbus-daemon
[257314.990324] [   1944]   102  1944    78949     1332   114688        0             0 polkitd
[257314.990326] [   1945]     0  1945    12559      375   114688        0             0 systemd-logind
[257314.990328] [   1946]   975  1946     2111      104    57344        0             0 avahi-daemon
[257314.990330] [   1954]     0  1954    83523     1355   143360        0             0 NetworkManager
[257314.990332] [   1964]     0  1964    60795      589   102400        0             0 ModemManager
[257314.990334] [   1995]     0  1995     7220      765    86016        0             0 cupsd
[257314.990336] [   1997]     0  1997     2547      244    57344        0         -1000 sshd
[257314.990337] [   2009]     0  2009    36124     1004   139264        0             0 sddm
[257314.990339] [   2015]  1000  2015     4999      686    81920        0           100 systemd
[257314.990341] [   2017]  1000  2017     6057      919    81920        0           100 (sd-pam)
[257314.990343] [   2022]   974  2022    61175     1883   114688        0             0 colord
[257314.990345] [   2039]  1000  2039    26669      914   196608        0           200 appimagelaunche
[257314.990348] [   2040]  1000  2040    41122     7747   151552        0           200 pipewire
[257314.990349] [   2041]  1000  2041    89835     1944   237568        0           200 pipewire-media-
[257314.990352] [   2053]  1000  2053     2393      447    57344        0           200 dbus-daemon
[257314.990354] [   2060]   133  2060    22077      103    57344        0             0 rtkit-daemon
[257314.990357] [   2083]  1000  2083      273        1    28672        0           200 catatonit
[257314.990359] [   2259]     0  2259    44424      701   110592        0             0 cups-browsed
[257314.990360] [   2471]  1000  2471    57319      112    86016        0           200 gpg-agent
[257314.990362] [   2478]  1000  2478    59729      698   102400        0           200 gnome-keyring-d
[257314.990364] [   2479]  1000  2479    78386     1586   106496        0           200 gnome-keyring-d
[257314.990366] [   2631]  1000  2631    39051      456    73728        0           200 dconf-service
[257314.990368] [   2645]  1000  2645    77057      237   102400        0           200 at-spi-bus-laun
[257314.990370] [   2651]  1000  2651     2069      132    57344        0           200 dbus-daemon
[257314.990372] [   2652]  1000  2652    60629      896   110592        0           200 gvfsd
[257314.990374] [   2658]  1000  2658    94774      693    98304        0           200 gvfsd-fuse
[257314.990376] [   2673]  1000  2673    40227      221    73728        0           200 at-spi2-registr
[257314.990378] [   2676]  1000  2676   159335     6814   192512        0           200 xdg-desktop-por
[257314.990380] [   2680]  1000  2680   133315      737   131072        0           200 xdg-document-po
[257314.990382] [   2683]  1000  2683    58120      660    98304        0           200 xdg-permission-
[257314.990384] [   2689]  1000  2689      627       23    49152        0           200 fusermount3
[257314.990386] [   2746]     0  2746    59126      754    94208        0             0 power-profiles-
[257314.990388] [   2785]  1000  2785    51120    24572   294912        0           200 pipewire-pulse
[257314.990390] [   3747]     0  3747    58468      922    90112        0             0 upowerd
[257314.990392] [   4903]  1000  4903   126601     1158   172032        0           200 gvfs-udisks2-vo
[257314.990393] [   4906]     0  4906    98522     1420   131072        0             0 udisksd
[257314.990395] [   4920]  1000  4920    58390     1258    86016        0           200 gvfs-goa-volume
[257314.990397] [   4931]  1000  4931    77998     1305   106496        0           200 goa-identity-se
[257314.990399] [   4936]  1000  4936    79273     1298   118784        0           200 gvfs-afc-volume
[257314.990401] [   4942]  1000  4942    58280      761    81920        0           200 gvfs-mtp-volume
[257314.990403] [   4946]  1000  4946    79248     1530   114688        0           200 gvfsd-trash
[257314.990405] [   4966]  1000  4966    97790     1479   135168        0           200 gvfsd-network
[257314.990407] [   5066]  1000  5066    79671      917   118784        0           200 gvfsd-dnssd
[257314.990409] [   5385]  1000  5385    40022      839    81920        0           200 gvfsd-metadata
[257314.990411] [   5394]  1000  5394    79216     1465   118784        0           200 gvfsd-computer
[257314.990413] [  16911]  1000 16911    62343      948   122880        0           200 gvfsd-http
[257314.990415] [  67787]  1000 67787    39092      718    69632        0           200 scdaemon
[257314.990418] [ 109433]     0 109433   170418     8699   364544        0             0 Xorg
[257314.990420] [ 109527]     0 109527    16994      490   131072        0             0 sddm-helper
[257314.990422] [ 109529]  1000 109529   413709    38125   819200        0             0 sway
[257314.990424] [ 109593]  1000 109593   137681     4074   249856        0             0 polkit-gnome-au
[257314.990426] [ 109625]  1000 109625   286829     9546   360448        0           200 xdg-desktop-por
[257314.990428] [ 109673]  1000 109673    96901     3361   204800        0           200 xdg-desktop-por
[257314.990430] [ 109728]  1000 109728   244820    15480   512000        0             0 Xwayland
[257314.990433] [ 125187]  1000 125187   610663    18288   786432        0           200 nextcloud
[257314.990435] [ 125189]  1000 125189    79182     1432   118784        0           200 gvfsd-recent
[257314.990437] [ 205819]  1000 205819 27440040    68550  1503232        0             0 evolution
[257314.990439] [ 205826]  1000 205826   292711     4844   380928        0           200 evolution-sourc
[257314.990441] [ 205841]  1000 205841   302203     6060   454656        0             0 evolution-alarm
[257314.990443] [ 205860]  1000 205860   538838    10006   446464        0           200 evolution-calen
[257314.990444] [ 205878]  1000 205878   188522     2172   253952        0           200 evolution-addre
[257314.990446] [ 205888]  1000 205888 26814146     8583   462848        0             0 WebKitNetworkPr
[257314.990448] [ 205918]  1000 205918      680       28    45056        0             0 bwrap
[257314.990450] [ 205921]  1000 205921      680       33    45056        0             0 bwrap
[257314.990452] [ 205925]  1000 205925    39681      644    73728        0             0 xdg-dbus-proxy
[257314.990455] [ 205927]  1000 205927      680       28    40960        0             0 bwrap
[257314.990457] [ 205928]  1000 205928      680       34    40960        0             0 bwrap
[257314.990459] [ 205941]  1000 205941 22825349    48314  1548288        0             0 WebKitWebProces
[257314.990461] [ 341949]  1000 341949   278889     9166   487424        0           200 mpd
[257314.990463] [ 363134]  1000 363134   355318    27492   667648        0             0 x-terminal-emul
[257314.990465] [ 363135]  1000 363135    12061     5110   131072        0             0 x-terminal-emul
[257314.990467] [ 363150]  1000 363150     3659     1403    77824        0             0 zsh
[257314.990469] [ 372898]  1000 372898     9161     5004   106496        0             0 swaybg
[257314.990471] [ 372901]  1000 372901   343998     5998   446464        0             0 waybar
[257314.990472] [ 595681]  1000 595681      680       27    40960        0             0 bwrap
[257314.990474] [ 595682]  1000 595682      680       33    40960        0             0 bwrap
[257314.990476] [ 595685]  1000 595685 26888064    14004   856064        0             0 WebKitWebProces
[257314.990478] [ 595725]  1000 595725   100466     3678   229376        0           200 seahorse-daemon
[257314.990480] [1216183]  1000 1216183     4022     1750    73728        0             0 zsh
[257314.990482] [1216602]  1000 1216602     3169      153    65536        0             0 tmux: client
[257314.990484] [1216604]  1000 1216604     3541      583    65536        0             0 tmux: server
[257314.990486] [1216614]  1000 1216614     3398     1130    65536        0             0 zsh
[257314.990488] [1217637]  1000 1217637     3377     1127    69632        0             0 zsh
[257314.990490] [1217735]  1000 1217735     3393     1131    65536        0             0 zsh
[257314.990492] [1218581]  1000 1218581    40746    11664   188416        0             0 nvim
[257314.990494] [1336676]  1000 1336676   168494     9632   323584        0           200 swaync
[257314.990496] [1397007]  1000 1397007   391364    28775   761856        0             0 x-terminal-emul
[257314.990498] [1397008]  1000 1397008    12014     5039   126976        0             0 x-terminal-emul
[257314.990500] [1397025]  1000 1397025     3822     1566    65536        0             0 zsh
[257314.990502] [1767750]  1000 1767750  7445596   180816  4710400        0             0 firefox
[257314.990504] [1767814]  1000 1767814    62912     2809   397312        0             0 Socket Process
[257314.990506] [1767892]  1000 1767892  4990651    43741  2588672        0           100 WebExtensions
[257314.990507] [1767919]  1000 1767919   684865    37424  1441792        0           167 Privileged Cont
[257314.990510] [1768049]  1000 1768049   657651    41879  1335296        0           100 Isolated Web Co
[257314.990511] [1768052]  1000 1768052   652339    23908  1208320        0           167 Isolated Web Co
[257314.990513] [1768093]  1000 1768093   734676    41773  1609728        0           167 Isolated Web Co
[257314.990515] [1768205]  1000 1768205   635983    16469   974848        0           167 Isolated Web Co
[257314.990517] [1768403]  1000 1768403   147121    12298   733184        0             0 RDD Process
[257314.990518] [1768405]  1000 1768405   117282     3443   512000        0             0 Utility Process
[257314.990520] [1768416]  1000 1768416   633184    13706   897024        0           100 Isolated Web Co
[257314.990523] [1768418]  1000 1768418   738343    45846  1961984        0           167 Isolated Web Co
[257314.990525] [1768591]  1000 1768591   613998     4210   581632        0           100 Isolated Servic
[257314.990527] [1789670]  1000 1789670   639976    14883  1056768        0           167 Isolated Web Co
[257314.990528] [1801929]  1000 1801929   637174    15292   950272        0           167 Isolated Web Co
[257314.990530] [1804558]  1000 1804558   633957    15409   929792        0           167 Isolated Web Co
[257314.990532] [1828441]  1000 1828441   633955    15802   925696        0           167 Isolated Web Co
[257314.990534] [1829197]  1000 1829197   632304    14169   868352        0           167 Isolated Web Co
[257314.990537] [1829847]  1000 1829847   633508    14714   921600        0           167 Isolated Web Co
[257314.990539] [1869023]  1000 1869023     3414     1138    61440        0             0 zsh
[257314.990541] [1869190]  1000 1869190    18883     2769   176128        0             0 ncmpcpp
[257314.990543] [1880560]  1000 1880560   711315    42752  1474560        0           167 Isolated Web Co
[257314.990545] [1887059]  1000 1887059   712266    19674  1425408        0           167 Isolated Web Co
[257314.990546] [1917602]  1000 1917602   703819    18930  1150976        0           167 Isolated Web Co
[257314.990549] [1942201]  1000 1942201   631640    12733   860160        0           100 Isolated Web Co
[257314.990551] [2003628]  1000 2003628   649438    13046  1028096        0           167 Isolated Web Co
[257314.990553] [2026930]  1000 2026930   631256    13402   868352        0           167 Isolated Web Co
[257314.990555] [2050276]  1000 2050276   630709    12741   868352        0           167 Isolated Web Co
[257314.990557] [2061076]  1000 2061076   395086   127876  2461696        0             0 Telegram
[257314.990559] [2062696]  1000 2062696   648002    27165  1130496        0           167 Isolated Web Co
[257314.990561] [2062815]  1000 2062815   637043    14529   942080        0           167 Isolated Web Co
[257314.990563] [2062824]  1000 2062824   635937    14329   897024        0           167 Isolated Web Co
[257314.990565] [2063754]  1000 2063754   640179    17568   946176        0           167 Isolated Web Co
[257314.990566] [2064172]  1000 2064172   633079    14649   897024        0           167 Isolated Web Co
[257314.990568] [2065685]  1000 2065685   635700    15676   929792        0           167 Isolated Web Co
[257314.990570] [2066102]  1000 2066102   638946    18439   974848        0           167 Isolated Web Co
[257314.990572] [2066737]  1000 2066737   640677    18755   983040        0           167 Isolated Web Co
[257314.990574] [2071626]  1000 2071626   656783    29259  1261568        0           167 Isolated Web Co
[257314.990576] [2071688]  1000 2071688   639534    18530   983040        0           167 Isolated Web Co
[257314.990578] [2077224]  1000 2077224   402286    24289   778240        0             0 x-terminal-emul
[257314.990581] [2077225]  1000 2077225    12344     5415   122880        0             0 x-terminal-emul
[257314.990583] [2077242]  1000 2077242    49262    17795   245760        0             0 nvim
[257314.990585] [2078629]  1000 2078629   717574    89898  1093632        0             0 rust-analyzer
[257314.990587] [2078677]  1000 2078677    26161      488    81920        0             0 rust-analyzer
[257314.990589] [2091322]  1000 2091322   636570    17406   929792        0           167 Isolated Web Co
[257314.990591] [2092358]  1000 2092358   633175    11706   888832        0           100 Isolated Web Co
[257314.990593] [2092527]  1000 2092527   611482     3768   536576        0           233 Web Content
[257314.990595] [2095170]  1000 2095170      657       40    40960        0             0 wl-copy
[257314.990597] [2106348]  1000 2106348   337709    22375   716800        0             0 x-terminal-emul
[257314.990599] [2106349]  1000 2106349    12251     5244   126976        0             0 x-terminal-emul
[257314.990601] [2106365]  1000 2106365     3456     1178    61440        0             0 zsh
[257314.990602] [2106904]  1000 2106904     3410     1160    57344        0             0 zsh
[257314.990604] [2107189]  1000 2107189      741       29    40960        0             0 webserver
[257314.990606] [2107519]  1000 2107519   312574    17994   659456        0             0 x-terminal-emul
[257314.990608] [2107520]  1000 2107520    12093     5164   135168        0             0 x-terminal-emul
[257314.990610] [2107535]  1000 2107535     3412     1133    61440        0             0 zsh
[257314.990612] [2107609]  1000 2107609     3375     1113    57344        0             0 zsh
[257314.990614] [2108075]  1000 2108075     3168      169    61440        0             0 tmux: client
[257314.990616] [2108076]  1000 2108076     3517     1254    61440        0             0 zsh
[257314.990617] [2108194]  1000 2108194     3533     1261    57344        0             0 zsh
[257314.990619] [2113037]  1000 2113037   611481     3759   540672        0           233 Web Content
[257314.990622] [2153448]  1000 2153448   611480     3771   532480        0           233 Web Content
[257314.990624] [2165268]  1000 2165268     3838     1574    61440        0             0 zsh
[257314.990626] [2165519]  1000 2165519     2108      186    53248        0             0 bash
[257314.990628] [2165657]  1000 2165657   253624    52951  1441792        0             0 steam
[257314.990630] [2165696]  1000 2165696    89732     5342   221184        0             0 steam
[257314.990632] [2165697]  1000 2165697   122984    29077   782336        0             0 steamwebhelper
[257314.990634] [2165739]  1000 2165739    62432     2549   393216        0             0 steamwebhelper
[257314.990636] [2165740]  1000 2165740    62432     2550   393216        0             0 steamwebhelper
[257314.990638] [2165742]  1000 2165742    62432     2550   233472        0             0 steamwebhelper
[257314.990639] [2165754]  1000 2165754   206767    38624  1159168        0           200 steamwebhelper
[257314.990641] [2165802]  1000 2165802    76628     5220   466944        0             0 steamwebhelper
[257314.990644] [2167119]  1000 2167119     7027      644    53248        0             0 reaper
[257314.990646] [2167120]  1000 2167120     1152       28    53248        0             0 pv-bwrap
[257314.990648] [2167201]  1000 2167201     6786      145   118784        0             0 pressure-vessel
[257314.990650] [2167247]  1000 2167247    10869     2267    98304        0             0 python3
[257314.990652] [2167255]  1000 2167255   488162     4805   356352        0             0 steam
[257314.990654] [2167257]  1000 2167257    10154     3083    81920        0             0 wineserver
[257314.990656] [2167261]  1000 2167261   610080     8313   372736        0             0 services.exe
[257314.990658] [2167264]  1000 2167264   498645     8733   352256        0             0 winedevice.exe
[257314.990660] [2167271]  1000 2167271   530478     8222   339968        0             0 plugplay.exe
[257314.990662] [2167277]  1000 2167277   556690    10024   487424        0             0 winedevice.exe
[257314.990664] [2167426]  1000 2167426   478848     6960   266240        0             0 svchost.exe
[257314.990666] [2167431]  1000 2167431   454579     7850   372736        0             0 tabtip.exe
[257314.990668] [2167433]  1000 2167433   481764     2981   335872        0             0 explorer.exe
[257314.990670] [2167451]  1000 2167451   544379     7810   290816        0             0 rpcss.exe
[257314.990672] [2167525]  1000 2167525  1615715  1098886 10334208        0             0 foundation.exe
[257314.990674] [2167623]  1000 2167623    48461     7032   331776        0             0 gameoverlayui
[257314.990676] [2168643]  1000 2168643  1140284     3487   630784        0           300 steamwebhelper
[257314.990678] [2168656]  1000 2168656     1118       17    49152        0             0 sh
[257314.990679] oom-kill:constraint=CONSTRAINT_NONE,nodemask=(null),cpuset=/,mems_allowed=0,global_oom,task_memcg=/user.slice/user-XXXX.slice/session-1243.scope,task=steamwebhelper,pid=2168643,uid=1000
[257314.990709] Out of memory: Killed process 2168643 (steamwebhelper) total-vm:4561136kB, anon-rss:13988kB, file-rss:0kB, shmem-rss:4kB, UID:1000 pgtables:616kB oom_score_adj:300
[257315.403306] PressureMonitor invoked oom-killer: gfp_mask=0x140cca(GFP_HIGHUSER_MOVABLE|__GFP_COMP), order=0, oom_score_adj=0
[257315.403313] CPU: 3 PID: 205880 Comm: PressureMonitor Tainted: P        W  OE     5.19.17-2-MANJARO #1 102e2536aa2b5608442e8dcc91820de16de437f2
[257315.403316] Hardware name: Gigabyte Technology Co., Ltd. X570 AORUS ELITE/X570 AORUS ELITE, BIOS F31q 12/18/2020
[257315.403318] Call Trace:
[257315.403320]  <TASK>
[257315.403323]  dump_stack_lvl+0x48/0x60
[257315.403328]  dump_header+0x4a/0x1ff
[257315.403331]  oom_kill_process.cold+0xb/0x10
[257315.403333]  out_of_memory+0x27e/0x520
[257315.403337]  __alloc_pages_slowpath.constprop.0+0xcd0/0xe20
[257315.403342]  __alloc_pages+0x224/0x250
[257315.403345]  folio_alloc+0x1b/0x50
[257315.403347]  __filemap_get_folio+0x1b5/0x350
[257315.403350]  filemap_fault+0x140/0x920
[257315.403352]  ? filemap_map_pages+0x157/0x7b0
[257315.403355]  __do_fault+0x36/0x110
[257315.403358]  do_fault+0x1c2/0x420
[257315.403360]  __handle_mm_fault+0xa0c/0x1000
[257315.403363]  handle_mm_fault+0xb2/0x280
[257315.403366]  do_user_addr_fault+0x1be/0x690
[257315.403369]  exc_page_fault+0x74/0x170
[257315.403372]  asm_exc_page_fault+0x26/0x30
[257315.403376] RIP: 0033:0x7fa7f4074f60
[257315.403380] Code: Unable to access opcode bytes at RIP 0x7fa7f4074f36.
[257315.403381] RSP: 002b:00007fa73fffdba8 EFLAGS: 00010297
[257315.403383] RAX: 0000000000000035 RBX: 00007fa7f6e4b441 RCX: 0000000000000002
[257315.403384] RDX: 0000000000000005 RSI: 00007fa7ecce7512 RDI: 00007fa73fffdcb0
[257315.403385] RBP: 00007fa73fffe2a0 R08: 1999999999999999 R09: 0000000000000000
[257315.403387] R10: 00007fa7f4197ac0 R11: 0000000000000000 R12: 00007fa7f6e4b440
[257315.403388] R13: 0000000000000000 R14: 00007fa73fffdcc0 R15: 00007fa70800a160
[257315.403392]  </TASK>
[257315.403392] Mem-Info:
[257315.403394] active_anon:41232 inactive_anon:3204860 isolated_anon:0
                 active_file:670 inactive_file:414 isolated_file:1
                 unevictable:114 dirty:0 writeback:0
                 slab_reclaimable:90510 slab_unreclaimable:82430
                 mapped:108928 shmem:392008 pagetables:21191 bounce:0
                 kernel_misc_reclaimable:0
                 free:62596 free_pcp:2418 free_cma:0
[257315.403398] Node 0 active_anon:164928kB inactive_anon:12819440kB active_file:2680kB inactive_file:1656kB unevictable:456kB isolated(anon):0kB isolated(file):4kB mapped:435712kB dirty:0kB writeback:0kB shmem:1568032kB shmem_thp: 0kB shmem_pmdmapped: 0kB anon_thp: 1306624kB writeback_tmp:0kB kernel_stack:38320kB pagetables:84764kB all_unreclaimable? no
[257315.403403] Node 0 DMA free:13320kB boost:0kB min:60kB low:72kB high:84kB reserved_highatomic:0KB active_anon:0kB inactive_anon:0kB active_file:0kB inactive_file:0kB unevictable:0kB writepending:0kB present:15996kB managed:15368kB mlocked:0kB bounce:0kB free_pcp:0kB local_pcp:0kB free_cma:0kB
[257315.403407] lowmem_reserve[]: 0 2932 15897 15897 15897
[257315.403411] Node 0 DMA32 free:63864kB boost:0kB min:12452kB low:15564kB high:18676kB reserved_highatomic:0KB active_anon:7208kB inactive_anon:2124828kB active_file:0kB inactive_file:200kB unevictable:16kB writepending:0kB present:3087264kB managed:3021720kB mlocked:16kB bounce:0kB free_pcp:1432kB local_pcp:32kB free_cma:0kB
[257315.403415] lowmem_reserve[]: 0 0 12965 12965 12965
[257315.403418] Node 0 Normal free:173200kB boost:123888kB min:178952kB low:192716kB high:206480kB reserved_highatomic:2048KB active_anon:157720kB inactive_anon:10694468kB active_file:2452kB inactive_file:2376kB unevictable:440kB writepending:0kB present:13618688kB managed:13284036kB mlocked:436kB bounce:0kB free_pcp:8304kB local_pcp:984kB free_cma:0kB
[257315.403422] lowmem_reserve[]: 0 0 0 0 0
[257315.403425] Node 0 DMA: 0*4kB 1*8kB (U) 0*16kB 0*32kB 0*64kB 0*128kB 0*256kB 0*512kB 1*1024kB (U) 2*2048kB (UM) 2*4096kB (M) = 13320kB
[257315.403435] Node 0 DMA32: 170*4kB (UE) 372*8kB (UME) 653*16kB (UME) 448*32kB (UME) 95*64kB (UME) 109*128kB (UME) 36*256kB (U) 12*512kB (UM) 0*1024kB 0*2048kB 0*4096kB = 63832kB
[257315.403447] Node 0 Normal: 1347*4kB (UM) 5109*8kB (UM) 3241*16kB (UMEH) 2407*32kB (UMEH) 2*64kB (MH) 1*128kB (H) 1*256kB (H) 1*512kB (H) 0*1024kB 0*2048kB 0*4096kB = 176164kB
[257315.403459] Node 0 hugepages_total=0 hugepages_free=0 hugepages_surp=0 hugepages_size=1048576kB
[257315.403461] Node 0 hugepages_total=0 hugepages_free=0 hugepages_surp=0 hugepages_size=2048kB
[257315.403462] 392850 total pagecache pages
[257315.403463] 0 pages in swap cache
[257315.403464] Swap cache stats: add 0, delete 0, find 0/0
[257315.403465] Free swap  = 0kB
[257315.403466] Total swap = 0kB
[257315.403467] 4180487 pages RAM
[257315.403468] 0 pages HighMem/MovableOnly
[257315.403469] 100206 pages reserved
[257315.403469] 0 pages cma reserved
[257315.403470] 0 pages hwpoisoned
[257315.403470] Tasks state (memory values in pages):
[257315.403471] [  pid  ]   uid  tgid total_vm      rss pgtables_bytes swapents oom_score_adj name
[257315.403478] [    381]     0   381    35224      580   315392        0          -250 systemd-journal
[257315.403481] [    395]     0   395     8627      819    86016        0         -1000 systemd-udevd
[257315.403486] [   1935]   979  1935    22757      288    81920        0             0 systemd-timesyn
[257315.403488] [   1940]   975  1940     2111      143    57344        0             0 avahi-daemon
[257315.403490] [   1941]     0  1941     3045      271    65536        0             0 bluetoothd
[257315.403492] [   1942]     0  1942     1843      204    49152        0             0 crond
[257315.403494] [   1943]    81  1943     2748      660    61440        0          -900 dbus-daemon
[257315.403496] [   1944]   102  1944    78949     1332   114688        0             0 polkitd
[257315.403498] [   1945]     0  1945    12559      375   114688        0             0 systemd-logind
[257315.403500] [   1946]   975  1946     2111      104    57344        0             0 avahi-daemon
[257315.403502] [   1954]     0  1954    83523     1355   143360        0             0 NetworkManager
[257315.403504] [   1964]     0  1964    60795      589   102400        0             0 ModemManager
[257315.403506] [   1995]     0  1995     7220      765    86016        0             0 cupsd
[257315.403508] [   1997]     0  1997     2547      244    57344        0         -1000 sshd
[257315.403510] [   2009]     0  2009    36124     1004   139264        0             0 sddm
[257315.403512] [   2015]  1000  2015     4999      686    81920        0           100 systemd
[257315.403514] [   2017]  1000  2017     6057      919    81920        0           100 (sd-pam)
[257315.403516] [   2022]   974  2022    61175     1883   114688        0             0 colord
[257315.403518] [   2039]  1000  2039    26669      914   196608        0           200 appimagelaunche
[257315.403520] [   2040]  1000  2040    41122     7747   151552        0           200 pipewire
[257315.403522] [   2041]  1000  2041    89835     1944   237568        0           200 pipewire-media-
[257315.403524] [   2053]  1000  2053     2393      447    57344        0           200 dbus-daemon
[257315.403526] [   2060]   133  2060    22077      103    57344        0             0 rtkit-daemon
[257315.403528] [   2083]  1000  2083      273        1    28672        0           200 catatonit
[257315.403530] [   2259]     0  2259    44424      701   110592        0             0 cups-browsed
[257315.403532] [   2471]  1000  2471    57319      112    86016        0           200 gpg-agent
[257315.403534] [   2478]  1000  2478    59729      698   102400        0           200 gnome-keyring-d
[257315.403536] [   2479]  1000  2479    78386     1586   106496        0           200 gnome-keyring-d
[257315.403538] [   2631]  1000  2631    39051      456    73728        0           200 dconf-service
[257315.403540] [   2645]  1000  2645    77057      237   102400        0           200 at-spi-bus-laun
[257315.403542] [   2651]  1000  2651     2069      132    57344        0           200 dbus-daemon
[257315.403544] [   2652]  1000  2652    60629      896   110592        0           200 gvfsd
[257315.403546] [   2658]  1000  2658    94774      693    98304        0           200 gvfsd-fuse
[257315.403548] [   2673]  1000  2673    40227      221    73728        0           200 at-spi2-registr
[257315.403550] [   2676]  1000  2676   159335     6814   192512        0           200 xdg-desktop-por
[257315.403552] [   2680]  1000  2680   133315      737   131072        0           200 xdg-document-po
[257315.403554] [   2683]  1000  2683    58120      660    98304        0           200 xdg-permission-
[257315.403556] [   2689]  1000  2689      627       23    49152        0           200 fusermount3
[257315.403558] [   2746]     0  2746    59126      754    94208        0             0 power-profiles-
[257315.403560] [   2785]  1000  2785    51120    24572   294912        0           200 pipewire-pulse
[257315.403562] [   3747]     0  3747    58468      922    90112        0             0 upowerd
[257315.403564] [   4903]  1000  4903   126601     1158   172032        0           200 gvfs-udisks2-vo
[257315.403566] [   4906]     0  4906    98522     1420   131072        0             0 udisksd
[257315.403568] [   4920]  1000  4920    58390     1258    86016        0           200 gvfs-goa-volume
[257315.403570] [   4931]  1000  4931    77998     1305   106496        0           200 goa-identity-se
[257315.403572] [   4936]  1000  4936    79273     1298   118784        0           200 gvfs-afc-volume
[257315.403574] [   4942]  1000  4942    58280      761    81920        0           200 gvfs-mtp-volume
[257315.403576] [   4946]  1000  4946    79248     1530   114688        0           200 gvfsd-trash
[257315.403578] [   4966]  1000  4966    97790     1479   135168        0           200 gvfsd-network
[257315.403580] [   5066]  1000  5066    79671      917   118784        0           200 gvfsd-dnssd
[257315.403582] [   5385]  1000  5385    40022      839    81920        0           200 gvfsd-metadata
[257315.403584] [   5394]  1000  5394    79216     1465   118784        0           200 gvfsd-computer
[257315.403585] [  16911]  1000 16911    62343      948   122880        0           200 gvfsd-http
[257315.403587] [  67787]  1000 67787    39092      718    69632        0           200 scdaemon
[257315.403589] [ 109433]     0 109433   170418     8699   364544        0             0 Xorg
[257315.403591] [ 109527]     0 109527    16994      490   131072        0             0 sddm-helper
[257315.403593] [ 109529]  1000 109529   413709    38125   819200        0             0 sway
[257315.403595] [ 109593]  1000 109593   137681     4074   249856        0             0 polkit-gnome-au
[257315.403597] [ 109625]  1000 109625   286829     9546   360448        0           200 xdg-desktop-por
[257315.403599] [ 109673]  1000 109673    96901     3361   204800        0           200 xdg-desktop-por
[257315.403601] [ 109728]  1000 109728   244820    15480   512000        0             0 Xwayland
[257315.403603] [ 125187]  1000 125187   610663    18288   786432        0           200 nextcloud
[257315.403605] [ 125189]  1000 125189    79182     1432   118784        0           200 gvfsd-recent
[257315.403607] [ 205819]  1000 205819 27440040    68550  1503232        0             0 evolution
[257315.403610] [ 205826]  1000 205826   292711     4844   380928        0           200 evolution-sourc
[257315.403612] [ 205841]  1000 205841   302203     6060   454656        0             0 evolution-alarm
[257315.403613] [ 205860]  1000 205860   538838    10006   446464        0           200 evolution-calen
[257315.403615] [ 205878]  1000 205878   188522     2172   253952        0           200 evolution-addre
[257315.403618] [ 205888]  1000 205888 26814146     8583   462848        0             0 WebKitNetworkPr
[257315.403620] [ 205918]  1000 205918      680       28    45056        0             0 bwrap
[257315.403622] [ 205921]  1000 205921      680       33    45056        0             0 bwrap
[257315.403624] [ 205925]  1000 205925    39681      644    73728        0             0 xdg-dbus-proxy
[257315.403626] [ 205927]  1000 205927      680       28    40960        0             0 bwrap
[257315.403628] [ 205928]  1000 205928      680       34    40960        0             0 bwrap
[257315.403629] [ 205941]  1000 205941 22825349    48314  1548288        0             0 WebKitWebProces
[257315.403631] [ 341949]  1000 341949   278889     9166   487424        0           200 mpd
[257315.403633] [ 363134]  1000 363134   355318    27492   667648        0             0 x-terminal-emul
[257315.403635] [ 363135]  1000 363135    12061     5110   131072        0             0 x-terminal-emul
[257315.403637] [ 363150]  1000 363150     3659     1403    77824        0             0 zsh
[257315.403639] [ 372898]  1000 372898     9161     5004   106496        0             0 swaybg
[257315.403641] [ 372901]  1000 372901   343998     5998   446464        0             0 waybar
[257315.403643] [ 595681]  1000 595681      680       27    40960        0             0 bwrap
[257315.403645] [ 595682]  1000 595682      680       33    40960        0             0 bwrap
[257315.403647] [ 595685]  1000 595685 26888064    14004   856064        0             0 WebKitWebProces
[257315.403649] [ 595725]  1000 595725   100466     3678   229376        0           200 seahorse-daemon
[257315.403651] [1216183]  1000 1216183     4022     1750    73728        0             0 zsh
[257315.403653] [1216602]  1000 1216602     3169      153    65536        0             0 tmux: client
[257315.403655] [1216604]  1000 1216604     3541      583    65536        0             0 tmux: server
[257315.403657] [1216614]  1000 1216614     3398     1130    65536        0             0 zsh
[257315.403659] [1217637]  1000 1217637     3377     1127    69632        0             0 zsh
[257315.403661] [1217735]  1000 1217735     3393     1131    65536        0             0 zsh
[257315.403663] [1218581]  1000 1218581    40746    11664   188416        0             0 nvim
[257315.403664] [1336676]  1000 1336676   168494     9632   323584        0           200 swaync
[257315.403667] [1397007]  1000 1397007   391364    28775   761856        0             0 x-terminal-emul
[257315.403669] [1397008]  1000 1397008    12014     5039   126976        0             0 x-terminal-emul
[257315.403671] [1397025]  1000 1397025     3822     1566    65536        0             0 zsh
[257315.403673] [1767750]  1000 1767750  7445596   180816  4710400        0             0 firefox
[257315.403675] [1767814]  1000 1767814    62912     2809   397312        0             0 Socket Process
[257315.403677] [1767892]  1000 1767892  4990651    43741  2588672        0           100 WebExtensions
[257315.403679] [1767919]  1000 1767919   684865    37424  1441792        0           167 Privileged Cont
[257315.403681] [1768049]  1000 1768049   657651    41879  1335296        0           100 Isolated Web Co
[257315.403683] [1768052]  1000 1768052   652339    23908  1208320        0           167 Isolated Web Co
[257315.403684] [1768093]  1000 1768093   734676    41773  1609728        0           167 Isolated Web Co
[257315.403687] [1768205]  1000 1768205   635983    16469   974848        0           167 Isolated Web Co
[257315.403689] [1768403]  1000 1768403   147121    12298   733184        0             0 RDD Process
[257315.403691] [1768405]  1000 1768405   117282     3443   512000        0             0 Utility Process
[257315.403693] [1768416]  1000 1768416   633184    13706   897024        0           100 Isolated Web Co
[257315.403695] [1768418]  1000 1768418   738343    45846  1961984        0           167 Isolated Web Co
[257315.403697] [1768591]  1000 1768591   613998     4210   581632        0           100 Isolated Servic
[257315.403699] [1789670]  1000 1789670   639976    14883  1056768        0           167 Isolated Web Co
[257315.403701] [1801929]  1000 1801929   637174    15292   950272        0           167 Isolated Web Co
[257315.403703] [1804558]  1000 1804558   633957    15409   929792        0           167 Isolated Web Co
[257315.403705] [1828441]  1000 1828441   633955    15802   925696        0           167 Isolated Web Co
[257315.403707] [1829197]  1000 1829197   632304    14169   868352        0           167 Isolated Web Co
[257315.403709] [1829847]  1000 1829847   633508    14714   921600        0           167 Isolated Web Co
[257315.403710] [1869023]  1000 1869023     3414     1138    61440        0             0 zsh
[257315.403712] [1869190]  1000 1869190    18883     2769   176128        0             0 ncmpcpp
[257315.403714] [1880560]  1000 1880560   711315    42752  1474560        0           167 Isolated Web Co
[257315.403716] [1887059]  1000 1887059   712266    19674  1425408        0           167 Isolated Web Co
[257315.403718] [1917602]  1000 1917602   703819    18930  1150976        0           167 Isolated Web Co
[257315.403720] [1942201]  1000 1942201   631640    12733   860160        0           100 Isolated Web Co
[257315.403723] [2003628]  1000 2003628   649438    13046  1028096        0           167 Isolated Web Co
[257315.403725] [2026930]  1000 2026930   631256    13402   868352        0           167 Isolated Web Co
[257315.403727] [2050276]  1000 2050276   630709    12741   868352        0           167 Isolated Web Co
[257315.403729] [2061076]  1000 2061076   395086   127876  2461696        0             0 Telegram
[257315.403731] [2062696]  1000 2062696   648002    27165  1130496        0           167 Isolated Web Co
[257315.403733] [2062815]  1000 2062815   637043    14529   942080        0           167 Isolated Web Co
[257315.403735] [2062824]  1000 2062824   635937    14329   897024        0           167 Isolated Web Co
[257315.403737] [2063754]  1000 2063754   640179    17568   946176        0           167 Isolated Web Co
[257315.403739] [2064172]  1000 2064172   633079    14649   897024        0           167 Isolated Web Co
[257315.403741] [2065685]  1000 2065685   635700    15676   929792        0           167 Isolated Web Co
[257315.403743] [2066102]  1000 2066102   638946    18439   974848        0           167 Isolated Web Co
[257315.403744] [2066737]  1000 2066737   640677    18755   983040        0           167 Isolated Web Co
[257315.403746] [2071626]  1000 2071626   656783    29259  1261568        0           167 Isolated Web Co
[257315.403748] [2071688]  1000 2071688   639534    18530   983040        0           167 Isolated Web Co
[257315.403750] [2077224]  1000 2077224   402286    24289   778240        0             0 x-terminal-emul
[257315.403752] [2077225]  1000 2077225    12344     5415   122880        0             0 x-terminal-emul
[257315.403754] [2077242]  1000 2077242    49262    17795   245760        0             0 nvim
[257315.403756] [2078629]  1000 2078629   717574    89898  1093632        0             0 rust-analyzer
[257315.403758] [2078677]  1000 2078677    26161      488    81920        0             0 rust-analyzer
[257315.403760] [2091322]  1000 2091322   636570    17406   929792        0           167 Isolated Web Co
[257315.403762] [2092358]  1000 2092358   633175    11706   888832        0           100 Isolated Web Co
[257315.403764] [2092527]  1000 2092527   611482     3768   536576        0           233 Web Content
[257315.403766] [2095170]  1000 2095170      657       40    40960        0             0 wl-copy
[257315.403768] [2106348]  1000 2106348   337709    22375   716800        0             0 x-terminal-emul
[257315.403770] [2106349]  1000 2106349    12251     5244   126976        0             0 x-terminal-emul
[257315.403772] [2106365]  1000 2106365     3456     1178    61440        0             0 zsh
[257315.403774] [2106904]  1000 2106904     3410     1160    57344        0             0 zsh
[257315.403776] [2107189]  1000 2107189      741       29    40960        0             0 webserver
[257315.403778] [2107519]  1000 2107519   312574    17994   659456        0             0 x-terminal-emul
[257315.403780] [2107520]  1000 2107520    12093     5164   135168        0             0 x-terminal-emul
[257315.403782] [2107535]  1000 2107535     3412     1133    61440        0             0 zsh
[257315.403784] [2107609]  1000 2107609     3375     1113    57344        0             0 zsh
[257315.403785] [2108075]  1000 2108075     3168      169    61440        0             0 tmux: client
[257315.403787] [2108076]  1000 2108076     3517     1254    61440        0             0 zsh
[257315.403789] [2108194]  1000 2108194     3533     1261    57344        0             0 zsh
[257315.403791] [2113037]  1000 2113037   611481     3759   540672        0           233 Web Content
[257315.403793] [2153448]  1000 2153448   611480     3771   532480        0           233 Web Content
[257315.403796] [2165268]  1000 2165268     3838     1574    61440        0             0 zsh
[257315.403798] [2165519]  1000 2165519     2108      186    53248        0             0 bash
[257315.403799] [2165657]  1000 2165657   253624    52951  1441792        0             0 steam
[257315.403801] [2165696]  1000 2165696    89732     5342   221184        0             0 steam
[257315.403803] [2165697]  1000 2165697   122984    29077   782336        0             0 steamwebhelper
[257315.403804] [2165739]  1000 2165739    62432     2549   393216        0             0 steamwebhelper
[257315.403806] [2165740]  1000 2165740    62432     2550   393216        0             0 steamwebhelper
[257315.403808] [2165742]  1000 2165742    62432     2550   233472        0             0 steamwebhelper
[257315.403810] [2165754]  1000 2165754   206767    38624  1159168        0           200 steamwebhelper
[257315.403812] [2165802]  1000 2165802    76628     5220   466944        0             0 steamwebhelper
[257315.403814] [2167119]  1000 2167119     7027      644    53248        0             0 reaper
[257315.403816] [2167120]  1000 2167120     1152       28    53248        0             0 pv-bwrap
[257315.403818] [2167201]  1000 2167201     6786      145   118784        0             0 pressure-vessel
[257315.403820] [2167247]  1000 2167247    10869     2267    98304        0             0 python3
[257315.403822] [2167255]  1000 2167255   488162     4805   356352        0             0 steam
[257315.403824] [2167257]  1000 2167257    10154     3083    81920        0             0 wineserver
[257315.403826] [2167261]  1000 2167261   610080     8313   372736        0             0 services.exe
[257315.403828] [2167264]  1000 2167264   498645     8733   352256        0             0 winedevice.exe
[257315.403829] [2167271]  1000 2167271   530478     8222   339968        0             0 plugplay.exe
[257315.403831] [2167277]  1000 2167277   556690    10024   487424        0             0 winedevice.exe
[257315.403833] [2167426]  1000 2167426   478848     6960   266240        0             0 svchost.exe
[257315.403835] [2167431]  1000 2167431   454579     7850   372736        0             0 tabtip.exe
[257315.403837] [2167433]  1000 2167433   481764     2981   335872        0             0 explorer.exe
[257315.403839] [2167451]  1000 2167451   544379     7810   290816        0             0 rpcss.exe
[257315.403841] [2167525]  1000 2167525  1617763  1101356 10354688        0             0 foundation.exe
[257315.403843] [2167623]  1000 2167623    48461     7032   331776        0             0 gameoverlayui
[257315.403846] [2168656]  1000 2168656     1120       25    49152        0             0 sh
[257315.403847] oom-kill:constraint=CONSTRAINT_NONE,nodemask=(null),cpuset=/,mems_allowed=0,global_oom,task_memcg=/user.slice/user-XXXX.slice/session-1243.scope,task=foundation.exe,pid=2167525,uid=1000
[257315.403886] Out of memory: Killed process 2167525 (foundation.exe) total-vm:6471052kB, anon-rss:4383588kB, file-rss:0kB, shmem-rss:21836kB, UID:1000 pgtables:10112kB oom_score_adj:0
[257589.719953] PressureMonitor invoked oom-killer: gfp_mask=0x140cca(GFP_HIGHUSER_MOVABLE|__GFP_COMP), order=0, oom_score_adj=0
[257589.719960] CPU: 7 PID: 205880 Comm: PressureMonitor Tainted: P        W  OE     5.19.17-2-MANJARO #1 102e2536aa2b5608442e8dcc91820de16de437f2
[257589.719964] Hardware name: Gigabyte Technology Co., Ltd. X570 AORUS ELITE/X570 AORUS ELITE, BIOS F31q 12/18/2020
[257589.719966] Call Trace:
[257589.719968]  <TASK>
[257589.719971]  dump_stack_lvl+0x48/0x60
[257589.719976]  dump_header+0x4a/0x1ff
[257589.719979]  oom_kill_process.cold+0xb/0x10
[257589.719981]  out_of_memory+0x27e/0x520
[257589.719985]  __alloc_pages_slowpath.constprop.0+0xcd0/0xe20
[257589.719990]  __alloc_pages+0x224/0x250
[257589.719993]  folio_alloc+0x1b/0x50
[257589.719996]  __filemap_get_folio+0x1b5/0x350
[257589.719999]  filemap_fault+0x140/0x920
[257589.720000]  ? filemap_map_pages+0x157/0x7b0
[257589.720003]  __do_fault+0x36/0x110
[257589.720006]  do_fault+0x1c2/0x420
[257589.720008]  __handle_mm_fault+0xa0c/0x1000
[257589.720010]  ? proc_reg_read_iter+0x51/0x90
[257589.720015]  handle_mm_fault+0xb2/0x280
[257589.720017]  do_user_addr_fault+0x1be/0x690
[257589.720020]  exc_page_fault+0x74/0x170
[257589.720023]  asm_exc_page_fault+0x26/0x30
[257589.720027] RIP: 0033:0x7fa7f4075271
[257589.720032] Code: Unable to access opcode bytes at RIP 0x7fa7f4075247.
[257589.720033] RSP: 002b:00007fa73fffdbb0 EFLAGS: 00010202
[257589.720035] RAX: 000000000000006b RBX: 00007fa7f6e4b448 RCX: 00007fa7ecd38cfc
[257589.720036] RDX: 000000000000006b RSI: 000000000003f040 RDI: 00007fa7f41f24a0
[257589.720037] RBP: 00007fa73fffe2a0 R08: 1999999999999999 R09: 0000000000000020
[257589.720039] R10: 00007fa7f4197ac0 R11: 00007fa7f41983c0 R12: 00007fa7f6e4b447
[257589.720040] R13: 0000000000000018 R14: 00007fa73fffdcc0 R15: 00000000ffffffff
[257589.720043]  </TASK>
[257589.720044] Mem-Info:
[257589.720045] active_anon:51613 inactive_anon:3226501 isolated_anon:0
                 active_file:350 inactive_file:580 isolated_file:0
                 unevictable:114 dirty:0 writeback:0
                 slab_reclaimable:90915 slab_unreclaimable:81564
                 mapped:132376 shmem:427179 pagetables:21332 bounce:0
                 kernel_misc_reclaimable:0
                 free:64377 free_pcp:3020 free_cma:0
[257589.720050] Node 0 active_anon:206452kB inactive_anon:12906004kB active_file:1400kB inactive_file:2320kB unevictable:456kB isolated(anon):0kB isolated(file):0kB mapped:529504kB dirty:0kB writeback:0kB shmem:1708716kB shmem_thp: 0kB shmem_pmdmapped: 0kB anon_thp: 1359872kB writeback_tmp:0kB kernel_stack:37008kB pagetables:85328kB all_unreclaimable? no
[257589.720054] Node 0 DMA free:13320kB boost:0kB min:60kB low:72kB high:84kB reserved_highatomic:0KB active_anon:0kB inactive_anon:0kB active_file:0kB inactive_file:0kB unevictable:0kB writepending:0kB present:15996kB managed:15368kB mlocked:0kB bounce:0kB free_pcp:0kB local_pcp:0kB free_cma:0kB
[257589.720059] lowmem_reserve[]: 0 2932 15897 15897 15897
[257589.720062] Node 0 DMA32 free:64112kB boost:0kB min:12452kB low:15564kB high:18676kB reserved_highatomic:0KB active_anon:7588kB inactive_anon:2250744kB active_file:0kB inactive_file:744kB unevictable:16kB writepending:0kB present:3087264kB managed:3021720kB mlocked:16kB bounce:0kB free_pcp:2084kB local_pcp:52kB free_cma:0kB
[257589.720068] lowmem_reserve[]: 0 0 12965 12965 12965
[257589.720071] Node 0 Normal free:180076kB boost:123888kB min:178952kB low:192716kB high:206480kB reserved_highatomic:2048KB active_anon:198864kB inactive_anon:10655260kB active_file:156kB inactive_file:2264kB unevictable:440kB writepending:0kB present:13618688kB managed:13284036kB mlocked:436kB bounce:0kB free_pcp:10128kB local_pcp:816kB free_cma:0kB
[257589.720076] lowmem_reserve[]: 0 0 0 0 0
[257589.720078] Node 0 DMA: 0*4kB 1*8kB (U) 0*16kB 0*32kB 0*64kB 0*128kB 0*256kB 0*512kB 1*1024kB (U) 2*2048kB (UM) 2*4096kB (M) = 13320kB
[257589.720088] Node 0 DMA32: 72*4kB (UME) 321*8kB (UME) 533*16kB (UME) 474*32kB (UME) 102*64kB (UE) 146*128kB (UME) 23*256kB (UM) 12*512kB (UM) 0*1024kB 0*2048kB 0*4096kB = 63800kB
[257589.720100] Node 0 Normal: 1*4kB (M) 4066*8kB (U) 4006*16kB (UEH) 2496*32kB (UEH) 1*64kB (H) 1*128kB (H) 1*256kB (H) 1*512kB (H) 1*1024kB (H) 0*2048kB 0*4096kB = 178484kB
[257589.720113] Node 0 hugepages_total=0 hugepages_free=0 hugepages_surp=0 hugepages_size=1048576kB
[257589.720115] Node 0 hugepages_total=0 hugepages_free=0 hugepages_surp=0 hugepages_size=2048kB
[257589.720116] 428263 total pagecache pages
[257589.720117] 0 pages in swap cache
[257589.720118] Swap cache stats: add 0, delete 0, find 0/0
[257589.720119] Free swap  = 0kB
[257589.720120] Total swap = 0kB
[257589.720121] 4180487 pages RAM
[257589.720121] 0 pages HighMem/MovableOnly
[257589.720122] 100206 pages reserved
[257589.720122] 0 pages cma reserved
[257589.720123] 0 pages hwpoisoned
[257589.720124] Tasks state (memory values in pages):
[257589.720124] [  pid  ]   uid  tgid total_vm      rss pgtables_bytes swapents oom_score_adj name
[257589.720131] [    381]     0   381    35224      581   315392        0          -250 systemd-journal
[257589.720134] [    395]     0   395     8627      819    86016        0         -1000 systemd-udevd
[257589.720139] [   1935]   979  1935    22757      288    81920        0             0 systemd-timesyn
[257589.720141] [   1940]   975  1940     2111      143    57344        0             0 avahi-daemon
[257589.720143] [   1941]     0  1941     3045      271    65536        0             0 bluetoothd
[257589.720145] [   1942]     0  1942     1843      204    49152        0             0 crond
[257589.720147] [   1943]    81  1943     2748      660    61440        0          -900 dbus-daemon
[257589.720149] [   1944]   102  1944    78949     1334   114688        0             0 polkitd
[257589.720151] [   1945]     0  1945    12559      375   114688        0             0 systemd-logind
[257589.720153] [   1946]   975  1946     2111      104    57344        0             0 avahi-daemon
[257589.720155] [   1954]     0  1954    83523     1355   143360        0             0 NetworkManager
[257589.720157] [   1964]     0  1964    60795      589   102400        0             0 ModemManager
[257589.720159] [   1995]     0  1995     7220      765    86016        0             0 cupsd
[257589.720161] [   1997]     0  1997     2547      244    57344        0         -1000 sshd
[257589.720163] [   2009]     0  2009    36124     1004   139264        0             0 sddm
[257589.720165] [   2015]  1000  2015     4999      686    81920        0           100 systemd
[257589.720167] [   2017]  1000  2017     6057      919    81920        0           100 (sd-pam)
[257589.720168] [   2022]   974  2022    61175     1883   114688        0             0 colord
[257589.720170] [   2039]  1000  2039    26669      914   196608        0           200 appimagelaunche
[257589.720172] [   2040]  1000  2040    41122     7747   151552        0           200 pipewire
[257589.720174] [   2041]  1000  2041    89835     1944   237568        0           200 pipewire-media-
[257589.720176] [   2053]  1000  2053     2393      446    57344        0           200 dbus-daemon
[257589.720178] [   2060]   133  2060    22077      103    57344        0             0 rtkit-daemon
[257589.720180] [   2083]  1000  2083      273        1    28672        0           200 catatonit
[257589.720182] [   2259]     0  2259    44424      701   110592        0             0 cups-browsed
[257589.720184] [   2471]  1000  2471    57319      112    86016        0           200 gpg-agent
[257589.720186] [   2478]  1000  2478    59729      698   102400        0           200 gnome-keyring-d
[257589.720188] [   2479]  1000  2479    78386     1586   106496        0           200 gnome-keyring-d
[257589.720190] [   2631]  1000  2631    39051      456    73728        0           200 dconf-service
[257589.720192] [   2645]  1000  2645    77057      237   102400        0           200 at-spi-bus-laun
[257589.720194] [   2651]  1000  2651     2069      132    57344        0           200 dbus-daemon
[257589.720196] [   2652]  1000  2652    60629      896   110592        0           200 gvfsd
[257589.720198] [   2658]  1000  2658    94774      693    98304        0           200 gvfsd-fuse
[257589.720200] [   2673]  1000  2673    40227      221    73728        0           200 at-spi2-registr
[257589.720202] [   2676]  1000  2676   159335     6816   192512        0           200 xdg-desktop-por
[257589.720204] [   2680]  1000  2680   133315      737   131072        0           200 xdg-document-po
[257589.720206] [   2683]  1000  2683    58120      660    98304        0           200 xdg-permission-
[257589.720208] [   2689]  1000  2689      627       23    49152        0           200 fusermount3
[257589.720210] [   2746]     0  2746    59126      754    94208        0             0 power-profiles-
[257589.720212] [   2785]  1000  2785    51120    25228   294912        0           200 pipewire-pulse
[257589.720214] [   3747]     0  3747    58468      922    90112        0             0 upowerd
[257589.720216] [   4903]  1000  4903   126601     1158   172032        0           200 gvfs-udisks2-vo
[257589.720218] [   4906]     0  4906    98522     1420   131072        0             0 udisksd
[257589.720220] [   4920]  1000  4920    58390     1258    86016        0           200 gvfs-goa-volume
[257589.720222] [   4931]  1000  4931    77998     1305   106496        0           200 goa-identity-se
[257589.720224] [   4936]  1000  4936    79273     1298   118784        0           200 gvfs-afc-volume
[257589.720226] [   4942]  1000  4942    58280      761    81920        0           200 gvfs-mtp-volume
[257589.720228] [   4946]  1000  4946    79248     1530   114688        0           200 gvfsd-trash
[257589.720230] [   4966]  1000  4966    97790     1479   135168        0           200 gvfsd-network
[257589.720232] [   5066]  1000  5066    79671      917   118784        0           200 gvfsd-dnssd
[257589.720234] [   5385]  1000  5385    40022      839    81920        0           200 gvfsd-metadata
[257589.720236] [   5394]  1000  5394    79216     1465   118784        0           200 gvfsd-computer
[257589.720238] [  16911]  1000 16911    62343      948   122880        0           200 gvfsd-http
[257589.720240] [  67787]  1000 67787    39092      718    69632        0           200 scdaemon
[257589.720242] [ 109433]     0 109433   170418     8699   364544        0             0 Xorg
[257589.720244] [ 109527]     0 109527    16994      490   131072        0             0 sddm-helper
[257589.720246] [ 109529]  1000 109529   413421    38109   819200        0             0 sway
[257589.720248] [ 109593]  1000 109593   137681     4074   249856        0             0 polkit-gnome-au
[257589.720250] [ 109625]  1000 109625   286829     9546   360448        0           200 xdg-desktop-por
[257589.720252] [ 109673]  1000 109673    96901     3361   204800        0           200 xdg-desktop-por
[257589.720254] [ 109728]  1000 109728   244819    15479   512000        0             0 Xwayland
[257589.720256] [ 125187]  1000 125187   610663    18310   786432        0           200 nextcloud
[257589.720258] [ 125189]  1000 125189    79182     1432   118784        0           200 gvfsd-recent
[257589.720260] [ 205819]  1000 205819 27440040    68550  1503232        0             0 evolution
[257589.720262] [ 205826]  1000 205826   292711     4844   380928        0           200 evolution-sourc
[257589.720264] [ 205841]  1000 205841   302203     6060   454656        0             0 evolution-alarm
[257589.720266] [ 205860]  1000 205860   538838    10036   446464        0           200 evolution-calen
[257589.720268] [ 205878]  1000 205878   188522     2172   253952        0           200 evolution-addre
[257589.720269] [ 205888]  1000 205888 26814146     8582   462848        0             0 WebKitNetworkPr
[257589.720271] [ 205918]  1000 205918      680       28    45056        0             0 bwrap
[257589.720273] [ 205921]  1000 205921      680       33    45056        0             0 bwrap
[257589.720275] [ 205925]  1000 205925    39681      644    73728        0             0 xdg-dbus-proxy
[257589.720277] [ 205927]  1000 205927      680       28    40960        0             0 bwrap
[257589.720279] [ 205928]  1000 205928      680       34    40960        0             0 bwrap
[257589.720281] [ 205941]  1000 205941 22825349    48317  1548288        0             0 WebKitWebProces
[257589.720283] [ 341949]  1000 341949   278889     9166   487424        0           200 mpd
[257589.720285] [ 363134]  1000 363134   355318    27492   667648        0             0 x-terminal-emul
[257589.720287] [ 363135]  1000 363135    12061     5110   131072        0             0 x-terminal-emul
[257589.720289] [ 363150]  1000 363150     3659     1403    77824        0             0 zsh
[257589.720291] [ 372898]  1000 372898     9161     5004   106496        0             0 swaybg
[257589.720293] [ 372901]  1000 372901   343998     6001   446464        0             0 waybar
[257589.720295] [ 595681]  1000 595681      680       27    40960        0             0 bwrap
[257589.720296] [ 595682]  1000 595682      680       33    40960        0             0 bwrap
[257589.720299] [ 595685]  1000 595685 26888064    14004   856064        0             0 WebKitWebProces
[257589.720300] [ 595725]  1000 595725   100466     3678   229376        0           200 seahorse-daemon
[257589.720302] [1216183]  1000 1216183     4022     1750    73728        0             0 zsh
[257589.720305] [1216602]  1000 1216602     3169      153    65536        0             0 tmux: client
[257589.720307] [1216604]  1000 1216604     3541      583    65536        0             0 tmux: server
[257589.720309] [1216614]  1000 1216614     3398     1130    65536        0             0 zsh
[257589.720311] [1217637]  1000 1217637     3377     1127    69632        0             0 zsh
[257589.720313] [1217735]  1000 1217735     3393     1131    65536        0             0 zsh
[257589.720315] [1218581]  1000 1218581    40746    11664   188416        0             0 nvim
[257589.720317] [1336676]  1000 1336676   168494     9632   323584        0           200 swaync
[257589.720319] [1397007]  1000 1397007   391364    28775   761856        0             0 x-terminal-emul
[257589.720321] [1397008]  1000 1397008    12014     5039   126976        0             0 x-terminal-emul
[257589.720323] [1397025]  1000 1397025     3822     1566    65536        0             0 zsh
[257589.720325] [1767750]  1000 1767750  7349371   139725  4251648        0             0 firefox
[257589.720327] [1767814]  1000 1767814    62912     2883   397312        0             0 Socket Process
[257589.720329] [1767892]  1000 1767892  4989677    36635  2560000        0           100 WebExtensions
[257589.720331] [1767919]  1000 1767919   684097    17742  1409024        0           167 Privileged Cont
[257589.720333] [1768049]  1000 1768049   656372    22984  1204224        0           100 Isolated Web Co
[257589.720335] [1768052]  1000 1768052   652339    22881  1208320        0           167 Isolated Web Co
[257589.720337] [1768093]  1000 1768093   733908    27142  1568768        0           167 Isolated Web Co
[257589.720339] [1768205]  1000 1768205   634703    13939   913408        0           167 Isolated Web Co
[257589.720341] [1768403]  1000 1768403   147121    12312   733184        0             0 RDD Process
[257589.720343] [1768405]  1000 1768405   117282     3443   512000        0             0 Utility Process
[257589.720345] [1768416]  1000 1768416   633184    13171   897024        0           100 Isolated Web Co
[257589.720347] [1768418]  1000 1768418   734247    39953  1781760        0           167 Isolated Web Co
[257589.720349] [1768591]  1000 1768591   613998     3873   581632        0           100 Isolated Servic
[257589.720351] [1789670]  1000 1789670   639976    14370  1056768        0           167 Isolated Web Co
[257589.720353] [1801929]  1000 1801929   636150    13079   909312        0           167 Isolated Web Co
[257589.720355] [1804558]  1000 1804558   633189    13416   892928        0           167 Isolated Web Co
[257589.720357] [1828441]  1000 1828441   633187    13537   888832        0           167 Isolated Web Co
[257589.720359] [1829197]  1000 1829197   632304    13803   868352        0           167 Isolated Web Co
[257589.720361] [1829847]  1000 1829847   632996    12327   897024        0           167 Isolated Web Co
[257589.720363] [1869023]  1000 1869023     3414     1138    61440        0             0 zsh
[257589.720365] [1869190]  1000 1869190    18883     2769   176128        0             0 ncmpcpp
[257589.720367] [1880560]  1000 1880560   707731    24334  1310720        0           167 Isolated Web Co
[257589.720369] [1887059]  1000 1887059   710218    18079  1327104        0           167 Isolated Web Co
[257589.720370] [1917602]  1000 1917602   703051    18004  1118208        0           167 Isolated Web Co
[257589.720372] [1942201]  1000 1942201   631640    12220   860160        0           100 Isolated Web Co
[257589.720375] [2003628]  1000 2003628   649438    12280  1028096        0           167 Isolated Web Co
[257589.720377] [2026930]  1000 2026930   631256    12549   868352        0           167 Isolated Web Co
[257589.720379] [2050276]  1000 2050276   630709    11991   868352        0           167 Isolated Web Co
[257589.720381] [2061076]  1000 2061076   395086   127880  2461696        0             0 Telegram
[257589.720383] [2062696]  1000 2062696   648002    26145  1130496        0           167 Isolated Web Co
[257589.720385] [2062815]  1000 2062815   637043    14049   942080        0           167 Isolated Web Co
[257589.720387] [2062824]  1000 2062824   633623    12042   888832        0           167 Isolated Web Co
[257589.720389] [2063754]  1000 2063754   640179    16976   946176        0           167 Isolated Web Co
[257589.720390] [2064172]  1000 2064172   633079    13818   897024        0           167 Isolated Web Co
[257589.720392] [2065685]  1000 2065685   635700    14794   929792        0           167 Isolated Web Co
[257589.720394] [2066102]  1000 2066102   638946    17472   974848        0           167 Isolated Web Co
[257589.720396] [2066737]  1000 2066737   640677    18179   983040        0           167 Isolated Web Co
[257589.720398] [2071626]  1000 2071626   656783    28514  1261568        0           167 Isolated Web Co
[257589.720400] [2071688]  1000 2071688   639534    18042   983040        0           167 Isolated Web Co
[257589.720402] [2077224]  1000 2077224   402286    29377   815104        0             0 x-terminal-emul
[257589.720404] [2077225]  1000 2077225    12344     5415   122880        0             0 x-terminal-emul
[257589.720406] [2077242]  1000 2077242    49278    17801   245760        0             0 nvim
[257589.720408] [2078629]  1000 2078629   717574    89898  1093632        0             0 rust-analyzer
[257589.720410] [2078677]  1000 2078677    26161      488    81920        0             0 rust-analyzer
[257589.720412] [2091322]  1000 2091322   632877    12847   901120        0           167 Isolated Web Co
[257589.720414] [2092358]  1000 2092358   631651    11324   884736        0           100 Isolated Web Co
[257589.720416] [2095170]  1000 2095170      657       40    40960        0             0 wl-copy
[257589.720419] [2165268]  1000 2165268     3838     1574    61440        0             0 zsh
[257589.720421] [2171034]  1000 2171034     2108      186    57344        0             0 bash
[257589.720423] [2171194]  1000 2171194   225176    35803  1171456        0             0 steam
[257589.720425] [2171207]  1000 2171207    89732     5347   225280        0             0 steam
[257589.720427] [2171208]  1000 2171208   139853    29060   839680        0             0 steamwebhelper
[257589.720428] [2171250]  1000 2171250    62432     2549   397312        0             0 steamwebhelper
[257589.720430] [2171251]  1000 2171251    62432     2551   393216        0             0 steamwebhelper
[257589.720432] [2171253]  1000 2171253    62432     2552   233472        0             0 steamwebhelper
[257589.720434] [2171265]  1000 2171265   206670    44721  1155072        0           200 steamwebhelper
[257589.720436] [2171308]  1000 2171308    76628     5200   483328        0             0 steamwebhelper
[257589.720438] [2171492]  1000 2171492  1146705     4200   696320        0           300 steamwebhelper
[257589.720440] [2171576]  1000 2171576  1151698     5997   778240        0           300 steamwebhelper
[257589.720442] [2171582]  1000 2171582  1192593    41994  1347584        0           300 steamwebhelper
[257589.720444] [2172287]  1000 2172287     7027      644    57344        0             0 reaper
[257589.720446] [2172288]  1000 2172288     1152       28    53248        0             0 pv-bwrap
[257589.720448] [2172370]  1000 2172370     6786      146   118784        0             0 pressure-vessel
[257589.720450] [2172399]  1000 2172399    10869     2268    94208        0             0 python3
[257589.720451] [2172401]  1000 2172401   488162     4801   356352        0             0 steam
[257589.720453] [2172403]  1000 2172403    10148     3084    77824        0             0 wineserver
[257589.720455] [2172407]  1000 2172407   626464     9542   385024        0             0 services.exe
[257589.720457] [2172410]  1000 2172410   498645     8733   352256        0             0 winedevice.exe
[257589.720458] [2172419]  1000 2172419   530477     8222   335872        0             0 plugplay.exe
[257589.720460] [2172425]  1000 2172425   556690    10022   479232        0             0 winedevice.exe
[257589.720462] [2172468]  1000 2172468   478848     6960   258048        0             0 svchost.exe
[257589.720463] [2172473]  1000 2172473   454579     7849   368640        0             0 tabtip.exe
[257589.720465] [2172475]  1000 2172475   481765     2982   339968        0             0 explorer.exe
[257589.720467] [2172480]  1000 2172480   544379     7810   294912        0             0 rpcss.exe
[257589.720469] [2172494]  1000 2172494  1816742  1300064 11948032        0             0 foundation.exe
[257589.720471] [2172539]  1000 2172539    48461     7150   331776        0             0 gameoverlayui
[257589.720472] [2172564]  1000 2172564  1146705     3689   708608        0           300 steamwebhelper
[257589.720474] [2172577]  1000 2172577  1140590     3615   671744        0           300 steamwebhelper
[257589.720476] oom-kill:constraint=CONSTRAINT_NONE,nodemask=(null),cpuset=/,mems_allowed=0,global_oom,task_memcg=/user.slice/user-XXXX.slice/session-1243.scope,task=foundation.exe,pid=2172494,uid=1000
[257589.720508] Out of memory: Killed process 2172494 (foundation.exe) total-vm:7266968kB, anon-rss:5178400kB, file-rss:0kB, shmem-rss:21856kB, UID:1000 pgtables:11668kB oom_score_adj:0
[258262.245254] usb 1-2.1: new full-speed USB device number 10 using xhci_hcd
[258262.481370] usb 1-2.1: New USB device found, idVendor=054c, idProduct=05c4, bcdDevice= 1.00
[258262.481375] usb 1-2.1: New USB device strings: Mfr=1, Product=2, SerialNumber=...
[258262.481376] usb 1-2.1: Product: Wireless Controller
[258262.481377] usb 1-2.1: Manufacturer: Sony Computer Entertainment
[258262.564421] input: Sony Computer Entertainment Wireless Controller Touchpad as /devices/pci0000:00/0000:00:01.2/0000:02:00.0/0000:03:08.0/0000:05:00.1/usb1/1-2/1-2.1/1-2.1:1.0/0003:054C:05C4.0052/input/input139
[258262.564488] input: Sony Computer Entertainment Wireless Controller Motion Sensors as /devices/pci0000:00/0000:00:01.2/0000:02:00.0/0000:03:08.0/0000:05:00.1/usb1/1-2/1-2.1/1-2.1:1.0/0003:054C:05C4.0052/input/input140
[258262.618629] input: Sony Computer Entertainment Wireless Controller as /devices/pci0000:00/0000:00:01.2/0000:02:00.0/0000:03:08.0/0000:05:00.1/usb1/1-2/1-2.1/1-2.1:1.0/0003:054C:05C4.0052/input/input138
[258262.618750] sony 0003:054C:05C4.0052: input,hidraw10: USB HID v81.11 Gamepad [Sony Computer Entertainment Wireless Controller] on usb-0000:05:00.1-2.1/input0
[258264.309916] input: Microsoft X-Box 360 pad 0 as /devices/virtual/input/input141
[259767.891391] input: Microsoft X-Box 360 pad 0 as /devices/virtual/input/input142
[262542.357894] st: Version 20160209, fixed bufsize 32768, s/g segs 256
