[  pid  ]   uid  tgid total_vm      rss pgtables_bytes swapents oom_score_adj name
[    721]     0   721   129161      283  1019904      187          -250 systemd-journal
[    750]     0   750     6434      215    73728      869         -1000 systemd-udevd
[   1211]     0  1211      671        0    49152       28             0 falcond
[   1212]     0  1212   327731     4391   274432       11             0 falcon-sensor
[   1222]   130  1222     1777       85    53248       21             0 rpcbind
[   1224]   101  1224     6984      683    94208     1188             0 systemd-resolve
[   1230]     0  1230     2841       54    45056        5         -1000 auditd
[   1331]     0  1331      670       75    45056        0             0 acpid
[   1333]   115  1333     2166      102    57344       21             0 avahi-daemon
[   1334]     0  1334     2106      118    57344        5             0 bluetoothd
[   1335]   103  1335     2562      620    57344      104          -900 dbus-daemon
[   1336]     0  1336    84268      768   147456      330             0 NetworkManager
[   1342]     0  1342    20492       92    57344        8             0 irqbalance
[   1344]     0  1344     9934      292   110592     1892             0 networkd-dispat
[   1346]     0  1346    60308     1073   106496      388             0 polkitd
[   1351]     0  1351     2600      134    57344       96             0 smartd
[   1356]     0  1356   403360     2996   348160     1561          -900 snapd
[   1361]     0  1361    59608      223   106496      114             0 accounts-daemon
[   1367]     0  1367     2355       47    61440       22             0 cron
[   1371]     0  1371    58925      148    86016       48             0 switcheroo-cont
[   1373]     0  1373     4392      210    77824      100             0 systemd-logind
[   1375]     0  1375    98510      474   131072      239             0 udisksd
[   1376]     0  1376     3490      188    61440       56             0 wpa_supplicant
[   1386]     0  1386      950       45    45056        0             0 atd
[   1388]   115  1388     2099       53    57344       32             0 avahi-daemon
[   1435]     8  1435     1480       49    49152        3             0 nullmailer-send
[   1440]     0  1440    21475     8108   217088     5553             0 puppet
[   1441]     0  1441    61725      428   114688      137             0 pxp-agent
[   1451]     0  1451   704177    13009   679936    24219             0 PanGPS
[   1454]     0  1454   449963     2832   364544     2458          -999 containerd
[   1460]     0  1460    78810      230   118784      248             0 ModemManager
[   1461]     0  1461    59640      153    90112       76             0 boltd
[   1464]   121  1464    61621      440   110592      934             0 colord
[   1485]   126  1485     3256       76    45056        5             0 chronyd
[   1488]     0  1488     3045      105    61440      106         -1000 sshd
[   1497]   126  1497     1216       46    45056        8             0 chronyd
[   1507]     0  1507    59902      188   102400      116             0 gdm3
[   1598]     0  1598    29540      220   131072     1826             0 unattended-upgr
[   1627]   111  1627    38234       58    65536        2             0 rtkit-daemon
[   1740]     0  1740    79549      323   118784      142             0 upowerd
[   2403]  1001  2403   350703    40578  2101248    13556             0 splunkd
[   2407]   129  2407    33829      423   114688      308             0 freshclam
[   2408]     0  2408   438315     4811   425984     3196          -500 dockerd
[   2411]     0  2411  1761024    11736   753664      919             0 nordvpnd
[   2413]     0  2413   323893     3044  1134592     5822             0 syslog-ng
[   2414]   120  2414    81710      263   147456      287             0 whoopsie
[   2422]   116  2422     2815       99    61440       19             0 kerneloops
[   2424]   116  2424     2815       53    61440       65             0 kerneloops
[   2449]     0  2449      624        0    45056       17             0 bpfilter_umh
[   2832]  1001  2832    29737      405   172032     2196             0 splunkd
[   3010]  1001  3010   149797     8867   663552    16055             0 mongod
[   3393]  1001  3393   993366      100   618496    10476             0 python3.7
[   3638]  1001  3638    54837     1882   364544     2535             0 splunkd
[   5525]     0  5525    97294      487   122880      253             0 gdm-session-wor
[   5551]  1000  5551     5034      470    81920      205             0 systemd
[   5552]  1000  5552    42707      212    90112      914             0 (sd-pam)
[   5558]  1000  5558    85440     2836   155648     2758             0 PanGPA
[   5559]  1000  5559  1210962     1340   368640      825             0 pulseaudio
[   5561]  1000  5561   197624      733   217088     1595             0 tracker-miner-f
[   5565]  1000  5565     2245      492    57344       62             0 dbus-daemon
[   5580]  1000  5580    96990      314   114688      109             0 gnome-keyring-d
[   5585]  1000  5585    59955      189    94208      105             0 gvfsd
[   5590]  1000  5590    94586       30   102400      121             0 gvfsd-fuse
[   5595]  1000  5595    78521      397   106496      148             0 gvfs-udisks2-vo
[   5604]  1000  5604    59557      115    94208      150             0 gvfs-gphoto2-vo
[   5609]  1000  5609    79181      127   106496      153             0 gvfs-afc-volume
[   5622]  1000  5622    58988      127    86016       86             0 gvfs-mtp-volume
[   5626]  1000  5626    58969      121    86016       77             0 gvfs-goa-volume
[   5632]  1000  5632   137369      169   249856     1455             0 goa-daemon
[   5639]  1000  5639    78689       84    98304      198             0 goa-identity-se
[   5657]  1000  5657    41004       66    86016      104             0 gdm-x-session
[   5659]  1000  5659   198993    13968   925696    11175             0 Xorg
[   5699]  1000  5699    47059        0   122880      426             0 gnome-session-b
[   5777]  1000  5777     1510        9    49152      104             0 ssh-agent
[   5795]  1000  5795    76361       35    90112      125             0 at-spi-bus-laun
[   5800]  1000  5800     1856      106    49152       59             0 dbus-daemon
[   5808]  1000  5808    22515        0    69632      115             0 gnome-session-c
[   5815]  1000  5815   139524      345   172032      351             0 gnome-session-b
[   5829]  1000  5829  1302754    71520  2879488    12493             0 gnome-shell
[   6285]  1000  6285    79054     1812   114688      196             0 ibus-daemon
[   6289]  1000  6289    40676       38    77824      118             0 ibus-memconf
[   6290]  1000  6290    68952      712   172032     2813             0 ibus-extension-
[   6292]  1000  6292    49501      319   147456     2163             0 ibus-x11
[   6295]  1000  6295    59126      176    86016      110             0 ibus-portal
[   6306]  1000  6306    40742      120    86016      122             0 at-spi2-registr
[   6326]  1000  6326    58899       48    86016       77             0 xdg-permission-
[   6346]  1000  6346    39160      234    77824       58             0 dconf-service
[   6362]  1000  6362    78524      270   106496      102             0 gvfsd-trash
[   6369]  1000  6369   732571      899   290816      515             0 gjs
[   6394]  1000  6394    77421       97    98304       86             0 gsd-a11y-settin
[   6395]  1000  6395   182496      856   266240     1847             0 gsd-color
[   6396]  1000  6396    93410       66   167936      420             0 gsd-datetime
[   6398]  1000  6398    77957      148   106496       90             0 gsd-housekeepin
[   6399]  1000  6399   104949      395   180224     2192             0 gsd-keyboard
[   6401]  1000  6401   225318      717   221184     2010             0 gsd-media-keys
[   6403]  1000  6403   171734      706   200704     2088             0 gsd-power
[   6404]  1000  6404    62061      177   118784      220             0 gsd-print-notif
[   6405]  1000  6405   114275      142   114688       86             0 gsd-rfkill
[   6406]  1000  6406    58877       86    90112       65             0 gsd-screensaver
[   6407]  1000  6407   116234      319   131072      232             0 gsd-sharing
[   6408]  1000  6408    97229       98   114688      163             0 gsd-smartcard
[   6410]  1000  6410    79844       88   118784      199             0 gsd-sound
[   6411]  1000  6411   114679       97   114688       95             0 gsd-usb-protect
[   6412]  1000  6412    86373      438   176128     2129             0 gsd-wacom
[   6414]  1000  6414    78529       99   106496      159             0 gsd-wwan
[   6415]  1000  6415    86685      692   167936     2050             0 gsd-xsettings
[   6451]  1000  6451  9741379    14309  2326528     4331             0 slack
[   6460]  1000  6460    57950      204    81920      228             0 gsd-disk-utilit
[   6468]  1000  6468    45711        3   114688     1694             0 python3
[   6513]  1000  6513    85545      111   151552      364             0 gsd-printer
[   6516]  1000  6516    40774      220    73728       78             0 ibus-engine-sim
[   6523]  1000  6523   298135    91403  1384448    21258             0 snap-store
[   6574]  1000  6574   134897      113   126976       79             0 xdg-document-po
[   6587]  1000  6587  8443406      169   352256     1918             0 slack
[   6588]  1000  6588  8443404      648   352256     1424             0 slack
[   6591]  1000  6591  8443410      640   229376     1451             0 slack
[   6623]  1000  6623  8393981       28    65536       39             0 chrome_crashpad
[   6679]  1000  6679   201704      408   159744      131             0 xdg-desktop-por
[   6683]  1000  6683   105484     1180   196608     1620             0 xdg-desktop-por
[   6704]  1000  6704  8533066    12450  1167360     8198           200 slack
[   6709]  1000  6709  8460129     1474   471040     1831             0 slack
[   6771]  1000  6771 10628167    87859  2555904     8599           300 slack
[   6798]     0  6798   123607    18178   409600      771             0 fwupd
[   9920]  1000  9920    40564       89    77824       70             0 gvfsd-metadata
[   9932]  1000  9932   116026     1086   225280     1584             0 update-notifier
[  16054]  1000 16054  8524531      196   417792     2005             0 slack
[  17485]  1000 17485  8860869   140969  3862528    17460             0 chrome
[  17490]  1000 17490     2057        0    49152       22             0 cat
[  17491]  1000 17491     2057        0    57344       27             0 cat
[  17493]  1000 17493  8394016        3    57344       48             0 chrome_crashpad
[  17495]  1000 17495  8391963        0    57344       67             0 chrome_crashpad
[  17501]  1000 17501  8459781      164   401408     2565             0 chrome
[  17502]  1000 17502  8459779      963   393216     1766             0 chrome
[  17503]  1000 17503  8390871        2    65536       80             0 nacl_helper
[  17506]  1000 17506  8459785     1032   282624     1732             0 chrome
[  17528]  1000 17528  8708560    43130  2748416     8706           200 chrome
[  17530]  1000 17530  8483295    11131   847872     3316           200 chrome
[  17541]  1000 17541  8474228     2758   483328     2073           200 chrome
[  17578]  1000 17578 294894562     5309   954368     7543           300 chrome
[  17620]  1000 17620 294889583     3749   733184     2513           300 chrome
[  17661]  1000 17661 294889912     5772   819200     2524           300 chrome
[  17697]  1000 17697 294887283     5110   786432     3039           300 chrome
[  17728]  1000 17728 294884704     1616   659456     2935           300 chrome
[  17763]  1000 17763 294887534     2225   712704     3164           300 chrome
[  17773]  1000 17773 294884704     2332   692224     3080           300 chrome
[  17895]  1000 17895    49020      699   155648     3210             0 chrome-gnome-sh
[  17897]  1000 17897    49019      701   151552     3209             0 chrome-gnome-sh
[  18628]  1000 18628 294896363    72370  1798144     4512           300 chrome
[  18651]  1000 18651 294888699    23517  1105920     2483           300 chrome
[  18658]  1000 18658 294886883    16116   991232     2515           300 chrome
[  18672]  1000 18672 294886896    22191  1056768     2541           300 chrome
[  18686]  1000 18686 294887960    20967   983040     2824           300 chrome
[  18765]  1000 18765 294886800    14865   884736     2565           300 chrome
[  18796]  1000 18796 294891009    14460   929792     2527           300 chrome
[  18814]  1000 18814 294886796     9221   815104     2364           300 chrome
[  18815]  1000 18815 294886794     9649   811008     2348           300 chrome
[  19087]  1000 19087 298040076    47070  1933312     4308           300 chrome
[  26163]  1000 26163     1510       34    53248       91             0 ssh-agent
[  30453]  1000 30453  8540090      298   499712     2661           200 chrome
[  31591]  1000 31591 295956110     8585  1355776     3872           300 chrome
[  46358]  1000 46358  2013500   890793 14254080    22899             0 thunderbird
[  46454]  1000 46454   603343      465   561152     3843             0 WebExtensions
[  46574]  1000 46574   602731      542   544768     3399             0 Web Content
[  56642]  1000 56642 294890082     9124  1626112     7956           300 chrome
[  57299]  1000 57299   281319      331   180224      128             0 gvfsd-network
[  57327]  1000 57327    78746       59   102400      180             0 gvfsd-dnssd
[  71110]  1000 71110 294895302    30324  1277952     2860           300 chrome
[  98179]  1000 98179 295943648    37311  1564672     3004           300 chrome
[ 101206]  1000 101206   117096      574   233472     3669             0 seahorse
[ 101626]  1000 101626     1513        0    49152       53             0 zoom
[ 101628]  1000 101628  1936268   101482  6893568   262643             0 zoom
[ 101641]  1000 101641   114734     1915   638976     5693             0 zoom
[ 101642]  1000 101642   114734       12   643072     7600             0 zoom
[ 101658]  1000 101658   114734       18   294912     7599             0 zoom
[ 101674]  1000 101674   299261     1973   794624    10060           200 zoom
[ 101693]  1000 101693   243823      182   708608     7544             0 zoom
[ 102567]  1000 102567   205889     9568   688128     9470             0 sublime_text
[ 102593]  1000 102593    26810      246    98304     1547             0 plugin_host-3.3
[ 102596]  1000 102596    29759     1179   118784     2266             0 plugin_host-3.8
[ 112276]  1000 112276   250183    10777   368640     1487             0 gnome-terminal-
[ 112289]  1000 112289     4648      880    73728      228             0 zsh
[ 155055]  1000 155055    69988      175   126976      218             0 gvfsd-http
[ 178444]   107 178444     2650       43    53248        0             0 uuidd
[ 195947]  1000 195947 294891141     4192   741376     2498           300 chrome
[ 648889]  1000 648889 296990753    12792   958464     5090           300 chrome
[ 669206]  1000 669206 296995760    11325  1069056     6834           300 chrome
[ 872582]  1000 872582 294890205    12342  1826816     5620           300 chrome
[ 888905]  1000 888905 294890275    19859  1150976     4029           300 chrome
[1319963]  1000 1319963 295941440    33224  1257472     4639           300 chrome
[1322032]  1000 1322032 294891104    10005  1089536     3933           300 chrome
[1324850]  1000 1324850 294888018     6515   765952     2413           300 chrome
[1326492]  1000 1326492 298039923    19470  1875968     5882           300 chrome
[1368793]  1000 1368793 294907911    43454  2400256     5149           300 chrome
[1380612]  1000 1380612 298048584    75605  2363392     9799           300 chrome
[1422978]  1000 1422978 295949788    21337  1118208     4249           300 chrome
[1423002]  1000 1423002 294886790     4325   749568     2206           300 chrome
[1423068]  1000 1423068 294886887     5816   802816     2366           300 chrome
[1423087]  1000 1423087 294886790     4348   745472     2268           300 chrome
[1427645]  1000 1427645 295940683    32040  1200128     4633           300 chrome
[1432555]  1000 1432555     4601      866    77824      209             0 zsh
[1494621]  1000 1494621 294887429     8840   876544     3859           300 chrome
[1494634]  1000 1494634 294887093     9753   958464     3310           300 chrome
[1494651]  1000 1494651 294887175     6401   815104     4164           300 chrome
[1502170]  1000 1502170 295945441    14510  1089536     4226           300 chrome
[1511906]  1000 1511906 294912327    17984  1191936     7385           300 chrome
[1512431]  1000 1512431 295112741    38550  1601536     7397           300 chrome
[1512471]  1000 1512471 294887572     1739   712704     4771           300 chrome
[1512507]  1000 1512507 294889619     8525   782336     2907           300 chrome
[1518465]  1000 1518465 294887570     3293   757760     5824           300 chrome
[1551592]  1000 1551592 294912573    23581  1695744     2167           300 chrome
[1558435]  1000 1558435 298040252    36009  2236416     5266           300 chrome
[1621495]  1000 1621495 294887541     8373   909312     3850           300 chrome
[1693835]  1000 1693835 294890074    15667  1155072     3994           300 chrome
[1720324]  1000 1720324   271583    10289   540672     5949             0 update-manager
[2021407]  1000 2021407 294890170    17124  1036288     2556           300 chrome
[2021597]  1000 2021597 294887450     8971   843776     2379           300 chrome
[2023725]  1000 2023725     4537      938    81920       53             0 zsh
[2024617]  1000 2024617     3758      443    69632      489             0 zsh
[2038832]  1000 2038832     6233      545    81920      411             0 vi
[2046224]  1000 2046224     4528      748    77824      229             0 zsh
[2109674]  1000 2109674 294886791     6325   733184     1915           300 chrome
[2122931]  1000 2122931 298047370    31885  1613824     1668           300 chrome
[2164515]  1000 2164515 294888121    16215   897024     1654           300 chrome
[2164852]  1000 2164852 294887668     5051   712704     1657           300 chrome
[2166039]  1000 2166039 294887345    12351   917504     1655           300 chrome
[2167538]  1000 2167538 294887406    13684   892928     1654           300 chrome
[2311045]  1000 2311045 294890679    12930   897024     1654           300 chrome
[3600191]     0 3600191     7182      491    86016        0             0 cupsd
[3600194]     0 3600194    44647      438   118784        0             0 cups-browsed
[3924370]  1000 3924370 294889831    14044   946176     1654           300 chrome
[3926006]  1000 3926006 294888400    27688  1220608     1652           300 chrome
[3927845]  1000 3927845 294892132    32260  1253376     1652           300 chrome
[3928174]  1000 3928174 298040264    30885  1536000     1650           300 chrome
[3942550]  1000 3942550 294893304    12747   929792     1655           300 chrome
[3944803]  1000 3944803   352011    27589   540672        0             0 asbru-cm
[3944970]  1000 3944970    59543    10369   241664        0             0 perl
[3945173]  1000 3945173      654       17    40960        0             0 sh
[3945174]  1000 3945174      654       17    45056        0             0 sh
[3945176]  1000 3945176     3780      203    61440        0             0 ssh
[3945610]  1000 3945610 294890082    30996  1114112     1655           300 chrome
[3946311]  1000 3946311 298041564    34766  1425408     1655           300 chrome
[3955616]  1000 3955616 298041220    30699  1757184     1653           300 chrome
[3956672]  1000 3956672    59484    10367   241664        0             0 perl
[3956879]  1000 3956879      654       17    36864        0             0 sh
[3956880]  1000 3956880      654       18    40960        0             0 sh
[3956882]  1000 3956882     3780      192    69632        0             0 ssh
[3960693]  1000 3960693 294890332    36342  1146880     1651           300 chrome
[3960749]     0 3960749     2880      190    61440        5             0 cron
[3960750]   129 3960750      654       16    40960        0             0 sh
[3960751]   129 3960751     2596      294    57344        0             0 bash
[3960958]   129 3960958     2021       16    49152        0             0 sleep
[3963357]  1001 3963357     1062       28    49152        0             0 sh
[3963358]  1001 3963358    20701    10901   196608        0             0 python3.7
[3964707]  1000 3964707 298042987    34081  1437696     1655           300 chrome
[3964708]  1000 3964708 298041553    20812  1167360     1651           300 chrome
[3964813]  1000 3964813 294884703     2515   618496     1658           300 chrome
[3964997]  1001 3964997     1062       28    49152        0             0 sh
[3964999]  1001 3964999     7566     3269    94208        0             0 python3.7
[3965101]  1001 3965101     1062       28    45056        0             0 sh
[3965117]  1001 3965117     1062       46    49152        0             0 vmstat.sh
[3965124]  1001 3965124     1062       29    45056        0             0 sh
[3965133]  1001 3965133     6375     2146    86016        0             0 python3.7
[3965143]  1001 3965143     1062       28    45056        0             0 sh
[3965158]  1001 3965158     6959     2734    94208        0             0 python3.7
[3965165]  1001 3965165     1062       29    45056        0             0 sh
[3965170]  1001 3965170     6103     1901    81920        0             0 python3.7
[3965203]  1001 3965203    17717      174    81920        0             0 splunk-optimize
[3965205]  1001 3965205     1062       46    49152        0             0 vmstat.sh
[3965206]  1001 3965206     2024       22    53248        0             0 tee
[3965207]  1001 3965207     3549      152    61440        0             0 awk
[3965208]  1001 3965208     1284       44    40960        0             0 uptime
