[27854.202999] [    689]     0   689    40736      283    86016        0             0 gdm-session-wor
[27854.203000] [    690]     0   690     3480      293    65536        0             0 wpa_supplicant
[27854.203002] [    728]   120   728     4646      438    77824        0             0 systemd
[27854.203003] [    744]   120   744     7489      732    90112        0             0 (sd-pam)
[27854.203005] [    846]   120   846    40127      162    73728        0             0 gdm-x-session
[27854.203006] [    850]   120   850    90107     2386   192512        0             0 Xorg
[27854.203008] [    886]   120   886      579       16    45056        0             0 xf86-video-inte
[27854.203010] [    910]   120   910     1600       81    53248        0             0 dbus-daemon
[27854.203011] [    912]   120   912     1272       44    45056        0             0 dbus-run-sessio
[27854.203013] [    913]   120   913     1672      204    49152        0             0 dbus-daemon
[27854.203014] [    914]   120   914   139337      712   163840        0             0 gnome-session-b
[27854.203016] [    924]   120   924    77909      286   102400        0             0 at-spi-bus-laun
[27854.203017] [    930]   120   930     1600      105    57344        0             0 dbus-daemon
[27854.203018] [    952]   120   952   979265    26121   921600        0             0 gnome-shell
[27854.203020] [    968]   120   968    78577      423   102400        0             0 ibus-daemon
[27854.203021] [    971]   120   971    59971      208    90112        0             0 ibus-dconf
[27854.203022] [    974]   120   974    48911     2278   151552        0             0 ibus-x11
[27854.203024] [    976]   120   976    59968      210    98304        0             0 ibus-portal
[27854.203025] [    987]   120   987    39929      211    77824        0             0 at-spi2-registr
[27854.203027] [    991]   120   991    58059      147    86016        0             0 xdg-permission-
[27854.203028] [    996]     0   996    62248      424   106496        0             0 upowerd
[27854.203030] [    998]   120   998   273600      884   118784        0             0 pulseaudio
[27854.203032] [   1004]   120  1004   678914     1378   237568        0             0 gjs
[27854.203033] [   1015]   120  1015   116182      480   143360        0             0 gsd-sharing
[27854.203036] [   1016]   120  1016   115353      299   126976        0             0 gsd-usb-protect
[27854.203041] [   1020]   120  1020   144036     2393   217088        0             0 gsd-color
[27854.203047] [   1023]   120  1023    38730      130    61440        0             0 dconf-service
[27854.203053] [   1030]   120  1030   104165     2290   176128        0             0 gsd-keyboard
[27854.203058] [   1031]   120  1031    79702      358   122880        0             0 gsd-print-notif
[27854.203063] [   1032]   120  1032   113409      233   110592        0             0 gsd-rfkill
[27854.203066] [   1033]   120  1033    41550      205    94208        0             0 ibus-engine-sim
[27854.203067] [   1034]   120  1034    79423      350   118784        0             0 gsd-smartcard
[27854.203069] [   1035]   120  1035    85852     2330   176128        0             0 gsd-wacom
[27854.203070] [   1036]   133  1036    38182       62    61440        0             0 rtkit-daemon
[27854.203072] [   1038]   120  1038    92993      599   167936        0             0 gsd-datetime
[27854.203073] [   1051]   120  1051   170945     2523   196608        0             0 gsd-media-keys
[27854.203075] [   1054]   120  1054    58023      137    86016        0             0 gsd-screensaver
[27854.203076] [   1055]   120  1055    79780      365   118784        0             0 gsd-sound
[27854.203078] [   1056]   120  1056    78432      288   102400        0             0 gsd-a11y-settin
[27854.203079] [   1059]   120  1059    86150     2397   180224        0             0 gsd-xsettings
[27854.203080] [   1075]   120  1075    78486      315   106496        0             0 gsd-housekeepin
[27854.203082] [   1078]   120  1078   152182     2482   180224        0             0 gsd-power
[27854.203083] [   1107]   120  1107    84172      495   143360        0             0 gsd-printer
[27854.203085] [   1116]   974  1116    62126     1337   118784        0             0 colord
[27854.203087] [   1141]   120  1141    60402      348   102400        0             0 gsettings-helpe
[27854.203088] [   1150]   120  1150    59043      229    90112        0             0 gvfsd
[27854.203090] [   1156]   120  1156    96477      250   106496        0             0 gvfsd-fuse
[27854.203092] [   1646]     0  1646    78174      452   102400        0             0 gdm-session-wor
[27854.203093] [   1658]  1000  1658     4805      589    77824        0             0 systemd
[27854.203095] [   1659]  1000  1659    44355      777   106496        0             0 (sd-pam)
[27854.203096] [   1671]  1000  1671    59187      336    90112        0             0 gnome-keyring-d
[27854.203098] [   1675]  1000  1675    40127      175    69632        0             0 gdm-x-session
[27854.203099] [   1677]  1000  1677   124475    12109   352256        0             0 Xorg
[27854.203101] [   1679]  1000  1679      579       16    40960        0             0 xf86-video-inte
[27854.203102] [   1686]  1000  1686     2008      543    57344        0             0 dbus-daemon
[27854.203104] [   1688]  1000  1688    65539      582   131072        0             0 gnome-session-b
[27854.203106] [   1695]  1000  1695    59068      301    90112        0             0 gvfsd
[27854.203107] [   1700]  1000  1700    96477      274   106496        0             0 gvfsd-fuse
[27854.203108] [   1727]  1000  1727    77969      325   102400        0             0 at-spi-bus-laun
[27854.203110] [   1733]  1000  1733     1635      164    53248        0             0 dbus-daemon
[27854.203111] [   1740]  1000  1740    21633       93    69632        0             0 gnome-session-c
[27854.203113] [   1742]  1000  1742   102588      800   147456        0             0 gnome-session-b
[27854.203114] [   1757]  1000  1757  1228756    52619  1511424        0             0 gnome-shell
[27854.203116] [   1784]  1000  1784    78633      500   110592        0             0 ibus-daemon
[27854.203117] [   1788]  1000  1788    60031      303   102400        0             0 ibus-dconf
[27854.203119] [   1789]  1000  1789    68491     3401   163840        0             0 ibus-extension-
[27854.203120] [   1793]  1000  1793    49010     2333   151552        0             0 ibus-x11
[27854.203122] [   1795]  1000  1795    60061      377    98304        0             0 ibus-portal
[27854.203123] [   1806]  1000  1806    39929      249    77824        0             0 at-spi2-registr
[27854.203125] [   1810]  1000  1810    58060      194    77824        0             0 xdg-permission-
[27854.203126] [   1820]  1000  1820    38792      209    73728        0             0 dconf-service
[27854.217983] [   1823]  1000  1823    87947      561   135168        0             0 gvfs-udisks2-vo
[27854.217986] [   1829]     0  1829    98747      579   139264        0             0 udisksd
[27854.217988] [   1841]  1000  1841    58049      222    81920        0             0 gvfs-mtp-volume
[27854.217990] [   1845]  1000  1845    58108      214    81920        0             0 gvfs-goa-volume
[27854.217992] [   1849]  1000  1849   135068     1724   258048        0             0 goa-daemon
[27854.217994] [   1856]  1000  1856    79605      422   114688        0             0 goa-identity-se
[27854.217995] [   1861]  1000  1861    78342      289   106496        0             0 gvfs-afc-volume
[27854.217997] [   1871]  1000  1871    79347      458   118784        0             0 gvfsd-trash
[27854.217999] [   1880]  1000  1880   678934     1569   237568        0             0 gjs
[27854.218001] [   1890]  1000  1890    78459      319   110592        0             0 gsd-a11y-settin
[27854.218003] [   1891]  1000  1891   144087     2459   200704        0             0 gsd-color
[27854.218004] [   1892]  1000  1892    93019      630   155648        0             0 gsd-datetime
[27854.218006] [   1894]  1000  1894    78513      353   106496        0             0 gsd-housekeepin
[27854.218007] [   1896]  1000  1896    85818     2356   163840        0             0 gsd-keyboard
[27854.218009] [   1897]  1000  1897   289698     2593   225280        0             0 gsd-media-keys
[27854.218011] [   1901]  1000  1901   182561     2259   217088        0             0 tracker-miner-f
[27854.218012] [   1904]  1000  1904   170695     2569   192512        0             0 gsd-power
[27854.218014] [   1905]  1000  1905    79702      382   122880        0             0 gsd-print-notif
[27854.218015] [   1906]  1000  1906   113409      230   110592        0             0 gsd-rfkill
[27854.218017] [   1908]  1000  1908    57716      242    81920        0             0 gsd-disk-utilit
[27854.218019] [   1911]  1000  1911    58055      204    81920        0             0 gsd-screensaver
[27854.218020] [   1912]  1000  1912   116206      516   135168        0             0 gsd-sharing
[27854.218022] [   1921]  1000  1921    79450      396   118784        0             0 gsd-smartcard
[27854.218023] [   1922]  1000  1922    79807      401   118784        0             0 gsd-sound
[27854.218025] [   1923]  1000  1923    96946      350   118784        0             0 gsd-usb-protect
[27854.218026] [   1924]  1000  1924    85820     2387   172032        0             0 gsd-wacom
[27854.218028] [   1928]  1000  1928    79523      393   110592        0             0 gsd-wwan
[27854.218030] [   1932]  1000  1932   146102     5727   233472        0             0 blueman-applet
[27854.218031] [   1935]  1000  1935    86239     2434   180224        0             0 gsd-xsettings
[27854.218033] [   1963]  1000  1963    84172      510   143360        0             0 gsd-printer
[27854.218034] [   2022]  1000  2022    41576      339    90112        0             0 ibus-engine-sim
[27854.218036] [   2056]  1000  2056    82930     5372   237568        0             0 blueman-tray
[27854.218038] [   2068]  1000  2068    11043      211    73728        0             0 obexd
[27854.218039] [   2179]  1000  2179   308587    76584  1986560        0             0 chrome
[27854.218041] [   2186]  1000  2186     1362       16    49152        0             0 cat
[27854.218042] [   2187]  1000  2187     1362       16    45056        0             0 cat
[27854.218044] [   2190]  1000  2190    65881     2807   442368        0             0 chrome
[27854.218046] [   2191]  1000  2191    65881     2809   421888        0             0 chrome
[27854.218047] [   2192]  1000  2192     2638      110    65536        0             0 nacl_helper
[27854.218049] [   2193]  1000  2193     2638      141    69632        0             0 nacl_helper
[27854.218051] [   2196]  1000  2196    65881     2813   253952        0             0 chrome
[27854.218052] [   2219]  1000  2219    95956    13373   573440        0           200 chrome
[27854.218054] [   2262]  1000  2262  1148684     4510   696320        0           300 chrome
[27854.218055] [   2315]  1000  2315  1149833     5662   720896        0           300 chrome
[27854.218057] [   2351]  1000  2351  1179359    26599  1216512        0           300 chrome
[27854.218058] [   2355]  1000  2355  1160552    22701   995328        0           300 chrome
[27854.218060] [   2356]  1000  2356  1172850    26169  1081344        0           300 chrome
[27854.218061] [   2363]  1000  2363  1162128    10557   872448        0           300 chrome
[27854.218063] [   2408]  1000  2408 22025753     1372   241664        0           200 nacl_helper
[27854.218065] [   2482]  1000  2482  1171447    24753  1110016        0           300 chrome
[27854.218066] [   2547]  1000  2547   119882     4107   258048        0             0 gnome-terminal-
[27854.218068] [   2554]  1000  2554     3134     1015    61440        0             0 zsh
[27854.218069] [   5294]  1000  5294   863738     1388   200704        0             0 pulseaudio
[27854.218071] [   5314]  1000  5314    60402      361   102400        0             0 gsettings-helpe
[27854.218073] [   5678]  1000  5678    39701      191    77824        0             0 gvfsd-metadata
[27854.218074] [  12224]  1000 12224   126637     2715   204800        0             0 pasystray
[27854.218076] [  12233]  1000 12233   126641     2714   200704        0             0 pasystray
[27854.218078] [  12245]  1000 12245   126638     2714   200704        0             0 pasystray
[27854.218080] [  12258]  1000 12258   126632     2716   212992        0             0 pasystray
[27854.218081] [  12385]  1000 12385   140378     2969   446464        0           200 chrome
[27854.218083] [  12656]  1000 12656    59886      274    94208        0             0 flatpak-session
[27854.218084] [  12660]  1000 12660     1520       72    49152        0             0 p11-kit-server
[27854.218086] [  12662]  1000 12662   132014      213   114688        0             0 xdg-document-po
[27854.218088] [  12666]  1000 12666      604       27    45056        0             0 fusermount
[27854.218089] [  12798]  1000 12798   155692      830   147456        0             0 xdg-desktop-por
[27854.218091] [  12804]  1000 12804   123142     2351   188416        0             0 xdg-desktop-por
[27854.218093] [  12822]  1000 12822    36547      832   167936        0             0 pipewire
[27854.218095] [  12824]  1000 12824     4660      329    61440        0             0 pipewire-media-
[27854.218096] [  13399]     0 13399     2622      229    61440        0             0 bluetoothd
[27854.218098] [  13761]  1000 13761   126633     2714   204800        0             0 pasystray
[27854.218100] [  15026]     0 15026     2346      217    53248        0             0 ofonod
[27854.218101] [  28936]  1000 28936      602       21    45056        0             0 bwrap
[27854.218103] [  28943]  1000 28943      602       20    45056        0             0 bwrap
[27854.218105] [  28944]  1000 28944    38956      355    69632        0             0 xdg-dbus-proxy
[27854.218107] [  28946]  1000 28946      668       70    45056        0             0 bwrap
[27854.218108] [  28947]  1000 28947   252488    14581  1703936        0             0 slack
[27854.218110] [  28951]  1000 28951     1557       63    53248        0             0 zypak-sandbox
[27854.218112] [  28976]  1000 28976    99928     9373   679936        0             0 slack
[27854.218113] [  28989]  1000 28989    67307     4915   385024        0             0 slack
[27854.218115] [  29022]  1000 29022     2542     1622    57344        0             0 p11-kit-remote
[27854.218117] [  29025]  1000 29025  6118096   160574  7929856        0             0 slack
[27854.218118] [  29542]  1000 29542  1206679    35606  1675264        0           300 chrome
[27854.218120] [  30022]  1000 30022  1196976    30527  1687552        0           300 chrome
[27854.218122] [  30104]  1000 30104  1152835     9342  1007616        0           300 chrome
[27854.218124] [  30701]  1000 30701   486427    47063   831488        0             0 telegram-deskto
[27854.218126] [  30732]  1000 30732   126631     2720   217088        0             0 pasystray
[27854.218128] [  31786]  1000 31786  1157714     9071   966656        0           300 chrome
[27854.218130] [  31897]  1000 31897  2216902    13485  1159168        0           300 chrome
[27854.218132] [  32181]  1000 32181      602       20    45056        0             0 bwrap
[27854.218133] [  32191]  1000 32191      602       20    40960        0             0 bwrap
[27854.218135] [  32192]  1000 32192    38821      233    73728        0             0 xdg-dbus-proxy
[27854.218137] [  32194]  1000 32194      668       70    45056        0             0 bwrap
[27854.218139] [  32195]  1000 32195   645736    14462  1253376        0             0 skypeforlinux
[27854.218140] [  32201]  1000 32201     1557       46    53248        0             0 zypak-sandbox
[27854.218142] [  32221]  1000 32221   271578    12011   831488        0             0 skypeforlinux
[27854.218144] [  32224]  1000 32224   227355     5633   417792        0             0 skypeforlinux
[27854.218145] [  32239]  1000 32239  1060692    93872  9129984        0             0 skypeforlinux
[27854.218147] [  32274]  1000 32274     2542     1622    61440        0             0 p11-kit-remote
[27854.218148] [  40444]  1000 40444  1193162    31095  1679360        0           300 chrome
[27854.218150] [  42416]  1000 42416  1166316    21439  1024000        0           300 chrome
[27854.218152] [  43476]  1000 43476    69089      356   118784        0             0 gvfsd-http
[27854.218154] [  44496]  1000 44496   217330     9403   376832        0             0 nautilus
[27854.218156] [  47344]  1000 47344      602       20    45056        0             0 bwrap
[27854.218157] [  47345]  1000 47345    39088      510    69632        0             0 xdg-dbus-proxy
[27854.218159] [  47347]  1000 47347      668      124    45056        0             0 bwrap
[27854.218160] [  47366]  1000 47366   160114    10662  1130496        0             0 code
[27854.218162] [  47368]  1000 47368    43541     1595   294912        0             0 code
[27854.218163] [  47390]  1000 47390   104407    10274   749568        0             0 code
[27854.218165] [  47397]  1000 47397    60107     2636   344064        0             0 code
[27854.218167] [  47415]  1000 47415  3078624    35816  4218880        0             0 code
[27854.218168] [  47434]  1000 47434   149256    19251  3268608        0             0 code
[27854.218170] [  47450]  1000 47450    99847     4567   856064        0             0 code
[27854.218171] [  47464]  1000 47464   138576     8548  2654208        0             0 code
[27854.218173] [  47511]  1000 47511     2542     1622    61440        0             0 p11-kit-remote
[27854.218174] [  47602]  1000 47602    52183    12107   176128        0             0 python3
[27854.218176] [  47605]  1000 47605     7172     3877    98304        0             0 python3
[27854.218177] [  48851]  1000 48851     7041     3781    90112        0             0 python3
[27854.218179] [  50278]  1000 50278    91153     3965   811008        0             0 code
[27854.218181] [  52422]  1000 52422  2261290    42165  1531904        0           300 chrome
[27854.218183] [  54689]  1000 54689  1182435    26949  1380352        0           300 chrome
[27854.218185] [  55243]  1000 55243  1185527    17681  1396736        0           300 chrome
[27854.218186] [  83409]  1000 83409  1195011    33592  1593344        0           300 chrome
[27854.218188] [  83420]  1000 83420  1172735    29307  1200128        0           300 chrome
[27854.218190] [  83801]  1000 83801  2279778    63741  2457600        0           300 chrome
[27854.218192] [  84994]  1000 84994  1166376    22965  1118208        0           300 chrome
[27854.218194] [  85161]  1000 85161  1149196     4613   708608        0           300 chrome
[27854.218195] [  85611]  1000 85611   198407    22574  1265664        0           200 chrome
[27854.218197] [  86068]  1000 86068    97854      398   114688        0             0 gvfsd-network
[27854.218199] [  86084]  1000 86084    77842      321   102400        0             0 gvfsd-dnssd
[27854.218201] [  88897]     0 88897    41132      323    94208        0             0 gdm-session-wor
[27854.218204] [ 105822]  1000 105822  1183186    30951  1294336        0           300 chrome
[27854.218207] [ 106750]  1000 106750  1177577    30942  1183744        0           300 chrome
[27854.218209] [ 106816]  1000 106816  1169068    21498  1024000        0           300 chrome
[27854.218210] [ 106878]  1000 106878  1166565    20957  1015808        0           300 chrome
[27854.218212] [ 106890]  1000 106890  1145804     3844   593920        0           300 chrome
[27854.218214] [ 106975]  1000 106975     2495      793    65536        0             0 makepkg
[27854.218217] [ 107951]  1000 107951    90808     4931   135168        0             0 python
[27854.218218] [ 108023]  1000 108023     1980       22    53248        0             0 g++
[27854.218220] [ 108024]  1000 108024    91475    79351   761856        0             0 cc1plus
[27854.218222] [ 108025]  1000 108025     3046     1154    69632        0             0 as
[27854.218224] [ 108045]  1000 108045     1980       43    53248        0             0 g++
[27854.218226] [ 108046]  1000 108046    65901    53068   548864        0             0 cc1plus
[27854.218228] [ 108047]  1000 108047     3046     1155    61440        0             0 as
[27854.218230] [ 108048]  1000 108048     1980       21    49152        0             0 g++
[27854.218232] [ 108049]  1000 108049    47620    36220   409600        0             0 cc1plus
[27854.218234] [ 108050]  1000 108050     3046     1154    65536        0             0 as
[27854.218236] [ 108051]  1000 108051     1980       21    53248        0             0 g++
[27854.218238] [ 108052]  1000 108052    39423    27262   339968        0             0 cc1plus
[27854.218239] [ 108053]  1000 108053     3046     1154    53248        0             0 as
[27854.218241] [ 108060]  1000 108060     1980       22    49152        0             0 g++
[27854.218243] [ 108061]  1000 108061    23402    12095   221184        0             0 cc1plus
[27854.218244] [ 108062]  1000 108062     3046     1154    65536        0             0 as
[27854.218247] oom-kill:constraint=CONSTRAINT_NONE,nodemask=(null),cpuset=/,mems_allowed=0,global_oom,task_memcg=/user.slice/user-1000.slice/user@1000.service,task=chrome,pid=83801,uid=1000
[27854.218289] Out of memory: Killed process 83801 (chrome) total-vm:9119112kB, anon-rss:242164kB, file-rss:0kB, shmem-rss:12800kB, UID:1000 pgtables:2400kB oom_score_adj:300
[27854.245694] oom_reaper: reaped process 83801 (chrome), now anon-rss:0kB, file-rss:0kB, shmem-rss:1476kB
[28267.381807] gvfs-afc-volume invoked oom-killer: gfp_mask=0x100cca(GFP_HIGHUSER_MOVABLE), order=0, oom_score_adj=0
[28267.381811] CPU: 1 PID: 1862 Comm: gvfs-afc-volume Not tainted 5.6.16-1-MANJARO #1
[28267.381811] Hardware name: HP HP ProBook 450 G5/837D, BIOS Q85 Ver. 01.03.00 07/20/2018
[28267.381812] Call Trace:
[28267.381819]  dump_stack+0x64/0x88
[28267.381822]  dump_header+0x4a/0x1f7
[28267.381824]  oom_kill_process.cold+0xb/0x10
[28267.381825]  out_of_memory+0x197/0x490
[28267.381829]  __alloc_pages_slowpath+0xb3c/0xd90
[28267.381833]  __alloc_pages_nodemask+0x2ee/0x320
[28267.381836]  pagecache_get_page+0x14a/0x360
[28267.381838]  filemap_fault+0x65d/0x8c0
[28267.381856]  ext4_filemap_fault+0x2d/0x40 [ext4]
[28267.381860]  __do_fault+0x38/0xd0
[28267.381861]  __handle_mm_fault+0xe49/0x1620
[28267.381864]  handle_mm_fault+0xca/0x1f0
[28267.381866]  do_user_addr_fault+0x1ef/0x470
[28267.381869]  page_fault+0x34/0x40
[28267.381871] RIP: 0033:0x7fc02090a616
[28267.381875] Code: Bad RIP value.
[28267.381876] RSP: 002b:00007fc01f8eaae0 EFLAGS: 00010293
[28267.381877] RAX: 0000000000000000 RBX: 0000000000000040 RCX: 00007fc02090a616
[28267.381878] RDX: 0000000000000000 RSI: 00007fc01f8eab70 RDI: 0000000000000007
[28267.381879] RBP: 0000000000000000 R08: 00007fc01f8eab10 R09: 00007fc01f8eab20
[28267.381879] R10: 0000000000000000 R11: 0000000000000293 R12: 00007fc01f8eab60
[28267.381880] R13: 0000000000000006 R14: 0000000000000007 R15: 0000000000000006
[28267.381883] Mem-Info:
[28267.381887] active_anon:1442567 inactive_anon:223295 isolated_anon:0
                active_file:19 inactive_file:9 isolated_file:0
                unevictable:223498 dirty:0 writeback:0 unstable:0
                slab_reclaimable:17384 slab_unreclaimable:33488
                mapped:139405 shmem:465067 pagetables:17773 bounce:0
                free:26008 free_pcp:1899 free_cma:0
[28267.381889] Node 0 active_anon:5770268kB inactive_anon:893180kB active_file:76kB inactive_file:36kB unevictable:893992kB isolated(anon):0kB isolated(file):0kB mapped:557620kB dirty:0kB writeback:0kB shmem:1860268kB shmem_thp: 0kB shmem_pmdmapped: 0kB anon_thp: 0kB writeback_tmp:0kB unstable:0kB all_unreclaimable? no
[28267.381890] Node 0 DMA free:15896kB min:132kB low:164kB high:196kB reserved_highatomic:0KB active_anon:0kB inactive_anon:0kB active_file:0kB inactive_file:0kB unevictable:0kB writepending:0kB present:15984kB managed:15896kB mlocked:0kB kernel_stack:0kB pagetables:0kB bounce:0kB free_pcp:0kB local_pcp:0kB free_cma:0kB
[28267.381892] lowmem_reserve[]: 0 2483 7822 7822 7822
[28267.381894] Node 0 DMA32 free:42472kB min:21416kB low:26768kB high:32120kB reserved_highatomic:0KB active_anon:1841508kB inactive_anon:292916kB active_file:184kB inactive_file:716kB unevictable:304932kB writepending:0kB present:2621032kB managed:2555408kB mlocked:48kB kernel_stack:2860kB pagetables:13584kB bounce:0kB free_pcp:3324kB local_pcp:752kB free_cma:0kB
[28267.381897] lowmem_reserve[]: 0 0 5338 5338 5338
[28267.381898] Node 0 Normal free:45664kB min:46032kB low:57540kB high:69048kB reserved_highatomic:0KB active_anon:3928760kB inactive_anon:600264kB active_file:0kB inactive_file:1268kB unevictable:589060kB writepending:0kB present:5644288kB managed:5474080kB mlocked:32kB kernel_stack:17588kB pagetables:57508kB bounce:0kB free_pcp:4272kB local_pcp:1052kB free_cma:0kB
[28267.381900] lowmem_reserve[]: 0 0 0 0 0
[28267.381902] Node 0 DMA: 4*4kB (U) 3*8kB (U) 3*16kB (U) 2*32kB (U) 2*64kB (U) 2*128kB (U) 0*256kB 0*512kB 1*1024kB (U) 1*2048kB (M) 3*4096kB (M) = 15896kB
[28267.381907] Node 0 DMA32: 1476*4kB (UME) 1356*8kB (UME) 1031*16kB (UME) 275*32kB (UME) 14*64kB (ME) 5*128kB (ME) 0*256kB 0*512kB 0*1024kB 0*2048kB 0*4096kB = 43584kB
[28267.381912] Node 0 Normal: 3053*4kB (UME) 1579*8kB (UME) 694*16kB (UME) 273*32kB (UME) 29*64kB (ME) 0*128kB 0*256kB 0*512kB 0*1024kB 0*2048kB 0*4096kB = 46540kB
[28267.381917] Node 0 hugepages_total=0 hugepages_free=0 hugepages_surp=0 hugepages_size=1048576kB
[28267.381918] Node 0 hugepages_total=0 hugepages_free=0 hugepages_surp=0 hugepages_size=2048kB
[28267.381919] 465228 total pagecache pages
[28267.381920] 0 pages in swap cache
[28267.381920] Swap cache stats: add 0, delete 0, find 0/0
[28267.381921] Free swap  = 0kB
[28267.381921] Total swap = 0kB
[28267.381922] 2070326 pages RAM
[28267.381922] 0 pages HighMem/MovableOnly
[28267.381923] 58980 pages reserved
[28267.381923] 0 pages hwpoisoned
[28267.381924] Tasks state (memory values in pages):
[28267.381924] [  pid  ]   uid  tgid total_vm      rss pgtables_bytes swapents oom_score_adj name
[28267.381931] [    272]     0   272    17576      546   155648        0          -250 systemd-journal
[28267.381933] [    286]     0   286     8242      959    86016        0         -1000 systemd-udevd
[28267.381936] [    296]     0   296    19515       33    49152        0             0 lvmetad
[28267.381937] [    377]   979   377    22811      269    86016        0             0 systemd-timesyn
[28267.381939] [    499]    81   499     2311      753    53248        0          -900 dbus-daemon
[28267.381941] [    503]     0   503   101080      846   151552        0             0 NetworkManager
[28267.381942] [    504]   102   504   416806     2139   208896        0             0 polkitd
[28267.381944] [    506]     0   506     4261      310    73728        0             0 systemd-logind
[28267.381945] [    560]     0   560    58950      312    86016        0             0 gdm
[28267.381946] [    579]     0   579    78123      413    98304        0             0 ModemManager
[28267.381948] [    684]     0   684    60430      335   102400        0             0 accounts-daemon
[28267.381949] [    689]     0   689    40736      283    86016        0             0 gdm-session-wor
[28267.381950] [    690]     0   690     3480      293    65536        0             0 wpa_supplicant
[28267.381952] [    728]   120   728     4646      438    77824        0             0 systemd
[28267.381953] [    744]   120   744     7489      732    90112        0             0 (sd-pam)
[28267.381954] [    846]   120   846    40127      162    73728        0             0 gdm-x-session
[28267.381956] [    850]   120   850    90107     2386   192512        0             0 Xorg
[28267.381957] [    886]   120   886      579       16    45056        0             0 xf86-video-inte
[28267.381959] [    910]   120   910     1600       81    53248        0             0 dbus-daemon
[28267.381960] [    912]   120   912     1272       44    45056        0             0 dbus-run-sessio
[28267.381962] [    913]   120   913     1672      204    49152        0             0 dbus-daemon
[28267.381963] [    914]   120   914   139337      712   163840        0             0 gnome-session-b
[28267.381964] [    924]   120   924    77909      286   102400        0             0 at-spi-bus-laun
[28267.381966] [    930]   120   930     1600      105    57344        0             0 dbus-daemon
[28267.381967] [    952]   120   952   979265    26154   921600        0             0 gnome-shell
[28267.381969] [    968]   120   968    78577      423   102400        0             0 ibus-daemon
[28267.381970] [    971]   120   971    59971      208    90112        0             0 ibus-dconf
[28267.381971] [    974]   120   974    48911     2278   151552        0             0 ibus-x11
[28267.381973] [    976]   120   976    59968      210    98304        0             0 ibus-portal
[28267.381974] [    987]   120   987    39929      211    77824        0             0 at-spi2-registr
[28267.381975] [    991]   120   991    58059      147    86016        0             0 xdg-permission-
[28267.381977] [    996]     0   996    62248      424   106496        0             0 upowerd
[28267.381978] [    998]   120   998   273600      884   118784        0             0 pulseaudio
[28267.381980] [   1004]   120  1004   678914     1378   237568        0             0 gjs
[28267.381981] [   1015]   120  1015   116182      480   143360        0             0 gsd-sharing
[28267.381982] [   1016]   120  1016   115353      299   126976        0             0 gsd-usb-protect
[28267.381984] [   1020]   120  1020   144036     2393   217088        0             0 gsd-color
[28267.381985] [   1023]   120  1023    38730      130    61440        0             0 dconf-service
[28267.381986] [   1030]   120  1030   104165     2290   176128        0             0 gsd-keyboard
[28267.381988] [   1031]   120  1031    79702      358   122880        0             0 gsd-print-notif
[28267.381989] [   1032]   120  1032   113409      233   110592        0             0 gsd-rfkill
[28267.381990] [   1033]   120  1033    41550      205    94208        0             0 ibus-engine-sim
[28267.381992] [   1034]   120  1034    79423      350   118784        0             0 gsd-smartcard
[28267.381993] [   1035]   120  1035    85852     2330   176128        0             0 gsd-wacom
[28267.381994] [   1036]   133  1036    38182       62    61440        0             0 rtkit-daemon
[28267.381996] [   1038]   120  1038    92993      599   167936        0             0 gsd-datetime
[28267.381997] [   1051]   120  1051   170945     2523   196608        0             0 gsd-media-keys
[28267.381999] [   1054]   120  1054    58023      137    86016        0             0 gsd-screensaver
[28267.382000] [   1055]   120  1055    79780      365   118784        0             0 gsd-sound
[28267.382001] [   1056]   120  1056    78432      288   102400        0             0 gsd-a11y-settin
[28267.382003] [   1059]   120  1059    86150     2397   180224        0             0 gsd-xsettings
[28267.382004] [   1075]   120  1075    78486      315   106496        0             0 gsd-housekeepin
[28267.382005] [   1078]   120  1078   152182     2482   180224        0             0 gsd-power
[28267.382007] [   1107]   120  1107    84172      495   143360        0             0 gsd-printer
[28267.382008] [   1116]   974  1116    62126     1337   118784        0             0 colord
[28267.382010] [   1141]   120  1141    60402      348   102400        0             0 gsettings-helpe
[28267.382011] [   1150]   120  1150    59043      229    90112        0             0 gvfsd
[28267.382013] [   1156]   120  1156    96477      250   106496        0             0 gvfsd-fuse
[28267.382014] [   1646]     0  1646    78174      452   102400        0             0 gdm-session-wor
[28267.382016] [   1658]  1000  1658     4805      589    77824        0             0 systemd
[28267.382017] [   1659]  1000  1659    44355      777   106496        0             0 (sd-pam)
[28267.382019] [   1671]  1000  1671    59187      336    90112        0             0 gnome-keyring-d
[28267.382021] [   1675]  1000  1675    40127      175    69632        0             0 gdm-x-session
[28267.382022] [   1677]  1000  1677   124330    12072   352256        0             0 Xorg
[28267.382023] [   1679]  1000  1679      579       16    40960        0             0 xf86-video-inte
[28267.382025] [   1686]  1000  1686     2008      543    57344        0             0 dbus-daemon
[28267.382026] [   1688]  1000  1688    65539      582   131072        0             0 gnome-session-b
[28267.382027] [   1695]  1000  1695    59068      301    90112        0             0 gvfsd
[28267.382029] [   1700]  1000  1700    96477      274   106496        0             0 gvfsd-fuse
[28267.382030] [   1727]  1000  1727    77969      325   102400        0             0 at-spi-bus-laun
[28267.382031] [   1733]  1000  1733     1635      164    53248        0             0 dbus-daemon
[28267.382033] [   1740]  1000  1740    21633       93    69632        0             0 gnome-session-c
[28267.382035] [   1742]  1000  1742   102588      800   147456        0             0 gnome-session-b
[28267.382036] [   1757]  1000  1757  1228759    52608  1511424        0             0 gnome-shell
[28267.382038] [   1784]  1000  1784    78633      500   110592        0             0 ibus-daemon
[28267.382039] [   1788]  1000  1788    60031      303   102400        0             0 ibus-dconf
[28267.382041] [   1789]  1000  1789    68491     3401   163840        0             0 ibus-extension-
[28267.382043] [   1793]  1000  1793    49010     2333   151552        0             0 ibus-x11
[28267.382044] [   1795]  1000  1795    60061      377    98304        0             0 ibus-portal
[28267.382046] [   1806]  1000  1806    39929      249    77824        0             0 at-spi2-registr
[28267.382048] [   1810]  1000  1810    58060      194    77824        0             0 xdg-permission-
[28267.382050] [   1820]  1000  1820    38792      209    73728        0             0 dconf-service
[28267.382051] [   1823]  1000  1823    87947      561   135168        0             0 gvfs-udisks2-vo
[28267.382053] [   1829]     0  1829    98747      579   139264        0             0 udisksd
[28267.382054] [   1841]  1000  1841    58049      222    81920        0             0 gvfs-mtp-volume
[28267.382057] [   1845]  1000  1845    58108      214    81920        0             0 gvfs-goa-volume
[28267.382058] [   1849]  1000  1849   135068     1724   258048        0             0 goa-daemon
[28267.382060] [   1856]  1000  1856    79605      422   114688        0             0 goa-identity-se
[28267.382062] [   1861]  1000  1861    78342      289   106496        0             0 gvfs-afc-volume
[28267.382063] [   1871]  1000  1871    79347      458   118784        0             0 gvfsd-trash
[28267.382065] [   1880]  1000  1880   678934     1569   237568        0             0 gjs
[28267.382066] [   1890]  1000  1890    78459      319   110592        0             0 gsd-a11y-settin
[28267.382068] [   1891]  1000  1891   144087     2459   200704        0             0 gsd-color
[28267.382069] [   1892]  1000  1892    93019      630   155648        0             0 gsd-datetime
[28267.382071] [   1894]  1000  1894    78513      353   106496        0             0 gsd-housekeepin
[28267.382073] [   1896]  1000  1896    85818     2356   163840        0             0 gsd-keyboard
[28267.382074] [   1897]  1000  1897   289698     2593   225280        0             0 gsd-media-keys
[28267.382076] [   1901]  1000  1901   182561     2259   217088        0             0 tracker-miner-f
[28267.382078] [   1904]  1000  1904   170695     2569   192512        0             0 gsd-power
[28267.382080] [   1905]  1000  1905    79702      382   122880        0             0 gsd-print-notif
[28267.382081] [   1906]  1000  1906   113409      230   110592        0             0 gsd-rfkill
[28267.382083] [   1908]  1000  1908    57716      242    81920        0             0 gsd-disk-utilit
[28267.382084] [   1911]  1000  1911    58055      204    81920        0             0 gsd-screensaver
[28267.382086] [   1912]  1000  1912   116206      516   135168        0             0 gsd-sharing
[28267.382088] [   1921]  1000  1921    79450      396   118784        0             0 gsd-smartcard
[28267.382089] [   1922]  1000  1922    79807      401   118784        0             0 gsd-sound
[28267.382091] [   1923]  1000  1923    96946      350   118784        0             0 gsd-usb-protect
[28267.382092] [   1924]  1000  1924    85820     2387   172032        0             0 gsd-wacom
[28267.382094] [   1928]  1000  1928    79523      393   110592        0             0 gsd-wwan
[28267.382096] [   1932]  1000  1932   146102     5727   233472        0             0 blueman-applet
[28267.382097] [   1935]  1000  1935    86239     2434   180224        0             0 gsd-xsettings
[28267.382099] [   1963]  1000  1963    84172      510   143360        0             0 gsd-printer
[28267.382101] [   2022]  1000  2022    41576      339    90112        0             0 ibus-engine-sim
[28267.382103] [   2056]  1000  2056    82930     5372   237568        0             0 blueman-tray
[28267.382104] [   2068]  1000  2068    11043      211    73728        0             0 obexd
[28267.382106] [   2179]  1000  2179   305537    76163  1978368        0             0 chrome
[28267.382108] [   2186]  1000  2186     1362       16    49152        0             0 cat
[28267.382109] [   2187]  1000  2187     1362       16    45056        0             0 cat
[28267.382111] [   2190]  1000  2190    65881     2807   442368        0             0 chrome
[28267.382112] [   2191]  1000  2191    65881     2809   421888        0             0 chrome
[28267.382114] [   2192]  1000  2192     2638      110    65536        0             0 nacl_helper
[28267.382116] [   2193]  1000  2193     2638      141    69632        0             0 nacl_helper
[28267.382118] [   2196]  1000  2196    65881     2813   253952        0             0 chrome
[28267.382119] [   2219]  1000  2219    95828    13302   565248        0           200 chrome
[28267.382121] [   2262]  1000  2262  1148684     4516   696320        0           300 chrome
[28267.382122] [   2315]  1000  2315  1150345     5664   724992        0           300 chrome
[28267.382124] [   2351]  1000  2351  1179359    26606  1216512        0           300 chrome
[28267.382126] [   2355]  1000  2355  1160552    22702   995328        0           300 chrome
[28267.382127] [   2356]  1000  2356  1172850    26042  1081344        0           300 chrome
[28267.382129] [   2363]  1000  2363  1162128    10575   872448        0           300 chrome
[28267.382131] [   2408]  1000  2408 22025753     1372   241664        0           200 nacl_helper
[28267.382132] [   2482]  1000  2482  1171447    24753  1110016        0           300 chrome
[28267.382134] [   2547]  1000  2547   119882     4107   258048        0             0 gnome-terminal-
[28267.382136] [   2554]  1000  2554     3134     1015    61440        0             0 zsh
[28267.382137] [   5294]  1000  5294   863738     1388   200704        0             0 pulseaudio
[28267.382139] [   5314]  1000  5314    60402      361   102400        0             0 gsettings-helpe
[28267.382141] [   5678]  1000  5678    39701      191    77824        0             0 gvfsd-metadata
[28267.382143] [  12224]  1000 12224   126637     2715   204800        0             0 pasystray
[28267.382144] [  12233]  1000 12233   126641     2714   200704        0             0 pasystray
[28267.382145] [  12245]  1000 12245   126638     2714   200704        0             0 pasystray
[28267.382147] [  12258]  1000 12258   126632     2716   212992        0             0 pasystray
[28267.382149] [  12385]  1000 12385   140376     2965   446464        0           200 chrome
[28267.382150] [  12656]  1000 12656    59886      274    94208        0             0 flatpak-session
[28267.382152] [  12660]  1000 12660     1520       72    49152        0             0 p11-kit-server
[28267.382153] [  12662]  1000 12662   132014      213   114688        0             0 xdg-document-po
[28267.382155] [  12666]  1000 12666      604       27    45056        0             0 fusermount
[28267.382156] [  12798]  1000 12798   155692      830   147456        0             0 xdg-desktop-por
[28267.382158] [  12804]  1000 12804   123142     2351   188416        0             0 xdg-desktop-por
[28267.382159] [  12822]  1000 12822    36547      832   167936        0             0 pipewire
[28267.382161] [  12824]  1000 12824     4660      329    61440        0             0 pipewire-media-
[28267.382163] [  13399]     0 13399     2622      229    61440        0             0 bluetoothd
[28267.382164] [  13761]  1000 13761   126633     2714   204800        0             0 pasystray
[28267.382166] [  15026]     0 15026     2346      217    53248        0             0 ofonod
[28267.382168] [  28936]  1000 28936      602       21    45056        0             0 bwrap
[28267.382170] [  28943]  1000 28943      602       20    45056        0             0 bwrap
[28267.382172] [  28944]  1000 28944    38956      355    69632        0             0 xdg-dbus-proxy
[28267.382173] [  28946]  1000 28946      668       70    45056        0             0 bwrap
[28267.382175] [  28947]  1000 28947   252488    14468  1703936        0             0 slack
[28267.382177] [  28951]  1000 28951     1557       63    53248        0             0 zypak-sandbox
[28267.382178] [  28976]  1000 28976    99692     9393   679936        0             0 slack
[28267.382180] [  28989]  1000 28989    67307     4917   385024        0             0 slack
[28267.382182] [  29022]  1000 29022     2542     1622    57344        0             0 p11-kit-remote
[28267.382183] [  29025]  1000 29025  6122491   166877  8228864        0             0 slack
[28267.382185] [  29542]  1000 29542  1206679    35517  1675264        0           300 chrome
[28267.382187] [  30022]  1000 30022  1196976    30527  1687552        0           300 chrome
[28267.382188] [  30104]  1000 30104  1152835     9342  1007616        0           300 chrome
[28267.382190] [  30701]  1000 30701   484378    47060   827392        0             0 telegram-deskto
[28267.382191] [  30732]  1000 30732   126631     2720   217088        0             0 pasystray
[28267.382194] [  31786]  1000 31786  1157714     9071   966656        0           300 chrome
[28267.382195] [  31897]  1000 31897  2216902    13486  1159168        0           300 chrome
[28267.382197] [  32181]  1000 32181      602       20    45056        0             0 bwrap
[28267.382199] [  32191]  1000 32191      602       20    40960        0             0 bwrap
[28267.382201] [  32192]  1000 32192    38821      233    73728        0             0 xdg-dbus-proxy
[28267.382202] [  32194]  1000 32194      668       70    45056        0             0 bwrap
[28267.382204] [  32195]  1000 32195   645992    14463  1302528        0             0 skypeforlinux
[28267.382205] [  32201]  1000 32201     1557       46    53248        0             0 zypak-sandbox
[28267.382207] [  32221]  1000 32221   271578    12011   831488        0             0 skypeforlinux
[28267.382209] [  32224]  1000 32224   227355     5633   417792        0             0 skypeforlinux
[28267.382210] [  32239]  1000 32239  1060692    94022  9129984        0             0 skypeforlinux
[28267.382212] [  32274]  1000 32274     2542     1622    61440        0             0 p11-kit-remote
[28267.382214] [  40444]  1000 40444  1193162    31094  1679360        0           300 chrome
[28267.382216] [  42416]  1000 42416  1166316    21457  1024000        0           300 chrome
[28267.382217] [  43476]  1000 43476    69089      356   118784        0             0 gvfsd-http
[28267.382219] [  44496]  1000 44496   217330     9403   376832        0             0 nautilus
[28267.382221] [  47344]  1000 47344      602       20    45056        0             0 bwrap
[28267.382222] [  47345]  1000 47345    39088      510    69632        0             0 xdg-dbus-proxy
[28267.382224] [  47347]  1000 47347      668      124    45056        0             0 bwrap
[28267.382226] [  47366]  1000 47366   159858    10664  1089536        0             0 code
[28267.382227] [  47368]  1000 47368    43541     1595   294912        0             0 code
[28267.382229] [  47390]  1000 47390   104407    10274   749568        0             0 code
[28267.382230] [  47397]  1000 47397    60107     2637   344064        0             0 code
[28267.382232] [  47415]  1000 47415  3078624    35873  4218880        0             0 code
[28267.382233] [  47434]  1000 47434   149256    19310  3268608        0             0 code
[28267.382235] [  47450]  1000 47450    99847     4567   856064        0             0 code
[28267.382236] [  47464]  1000 47464   138576     8805  2654208        0             0 code
[28267.382238] [  47511]  1000 47511     2542     1622    61440        0             0 p11-kit-remote
[28267.382240] [  47602]  1000 47602    52183    12107   176128        0             0 python3
[28267.382242] [  47605]  1000 47605     7172     3877    98304        0             0 python3
[28267.382243] [  48851]  1000 48851     7041     3781    90112        0             0 python3
[28267.382245] [  50278]  1000 50278    91153     3966   811008        0             0 code
[28267.382247] [  52422]  1000 52422  2261929    43448  1548288        0           300 chrome
[28267.382249] [  54689]  1000 54689  1182435    26960  1380352        0           300 chrome
[28267.382250] [  55243]  1000 55243  1185527    17683  1396736        0           300 chrome
[28267.382252] [  83409]  1000 83409  1195075    33751  1593344        0           300 chrome
[28267.382254] [  83420]  1000 83420  1172735    29318  1200128        0           300 chrome
[28267.382256] [  84994]  1000 84994  1166376    22968  1118208        0           300 chrome
[28267.382257] [  85161]  1000 85161  1149196     4656   708608        0           300 chrome
[28267.382259] [  85611]  1000 85611   191291    22371  1261568        0           200 chrome
[28267.382260] [  86068]  1000 86068    97854      398   114688        0             0 gvfsd-network
[28267.382262] [  86084]  1000 86084    77842      321   102400        0             0 gvfsd-dnssd
[28267.382265] [  88897]     0 88897    41132      323    94208        0             0 gdm-session-wor
[28267.382267] [ 105822]  1000 105822  1183186    30946  1294336        0           300 chrome
[28267.382270] [ 106750]  1000 106750  1178867    28670  1183744        0           300 chrome
[28267.382272] [ 106816]  1000 106816  1169044    20791  1024000        0           300 chrome
[28267.382274] [ 106878]  1000 106878  1166565    20838  1015808        0           300 chrome
[28267.382275] [ 106890]  1000 106890  1145804     3862   593920        0           300 chrome
[28267.382277] [ 106975]  1000 106975     2495      793    65536        0             0 makepkg
[28267.382279] [ 107951]  1000 107951    90808     4966   135168        0             0 python
[28267.382281] [ 108023]  1000 108023     1980       22    53248        0             0 g++
[28267.382283] [ 108024]  1000 108024   116561   104715   958464        0             0 cc1plus
[28267.382285] [ 108025]  1000 108025    11230     9330   135168        0             0 as
[28267.382287] [ 108097]  1000 108097  1150220     6171   724992        0           300 chrome
[28267.382289] [ 108126]  1000 108126     1980       22    53248        0             0 g++
[28267.382290] [ 108127]  1000 108127    71895    59279   602112        0             0 cc1plus
[28267.382292] [ 108128]  1000 108128     3640     1751    65536        0             0 as
[28267.382294] [ 108129]  1000 108129     1980       22    57344        0             0 g++
[28267.382295] [ 108130]  1000 108130    57384    46419   495616        0             0 cc1plus
[28267.382297] [ 108131]  1000 108131     4168     2256    73728        0             0 as
[28267.382299] [ 108135]  1000 108135     1980       21    57344        0             0 g++
[28267.382300] [ 108136]  1000 108136    45300    34300   401408        0             0 cc1plus
[28267.382302] [ 108137]  1000 108137     3046     1155    69632        0             0 as
[28267.382303] [ 108138]  1000 108138     1980       22    53248        0             0 g++
[28267.382305] [ 108139]  1000 108139    25964    14338   237568        0             0 cc1plus
[28267.382306] [ 108140]  1000 108140     3046     1124    57344        0             0 as
[28267.382308] oom-kill:constraint=CONSTRAINT_NONE,nodemask=(null),cpuset=/,mems_allowed=0,global_oom,task_memcg=/user.slice/user-1000.slice/user@1000.service,task=chrome,pid=52422,uid=1000
[28267.382356] Out of memory: Killed process 52422 (chrome) total-vm:9047716kB, anon-rss:145992kB, file-rss:0kB, shmem-rss:27800kB, UID:1000 pgtables:1512kB oom_score_adj:300
[28267.403860] oom_reaper: reaped process 52422 (chrome), now anon-rss:0kB, file-rss:0kB, shmem-rss:16720kB
[28306.342704] Xorg invoked oom-killer: gfp_mask=0x100cca(GFP_HIGHUSER_MOVABLE), order=0, oom_score_adj=0
[28306.342707] CPU: 3 PID: 1677 Comm: Xorg Not tainted 5.6.16-1-MANJARO #1
[28306.342708] Hardware name: HP HP ProBook 450 G5/837D, BIOS Q85 Ver. 01.03.00 07/20/2018
[28306.342709] Call Trace:
[28306.342717]  dump_stack+0x64/0x88
[28306.342719]  dump_header+0x4a/0x1f7
[28306.342721]  oom_kill_process.cold+0xb/0x10
[28306.342723]  out_of_memory+0x197/0x490
[28306.342726]  __alloc_pages_slowpath+0xb3c/0xd90
[28306.342730]  __alloc_pages_nodemask+0x2ee/0x320
[28306.342733]  pagecache_get_page+0x14a/0x360
[28306.342735]  filemap_fault+0x65d/0x8c0
[28306.342754]  ext4_filemap_fault+0x2d/0x40 [ext4]
[28306.342757]  __do_fault+0x38/0xd0
[28306.342759]  __handle_mm_fault+0xe49/0x1620
[28306.342762]  handle_mm_fault+0xca/0x1f0
[28306.342764]  do_user_addr_fault+0x1ef/0x470
[28306.342767]  page_fault+0x34/0x40
[28306.342769] RIP: 0033:0x55f5188c7f50
[28306.342773] Code: Bad RIP value.
[28306.342774] RSP: 002b:00007ffcc87ba728 EFLAGS: 00010206
[28306.342775] RAX: 0000000000000000 RBX: 000055f519084320 RCX: 00007ffcc87bb3c0
[28306.342776] RDX: 0000000000000002 RSI: 000055f519084320 RDI: 000055f519083b90
[28306.342776] RBP: 000055f519084320 R08: 0000000000000000 R09: 000055f5190846f0
[28306.342777] R10: 0000000000000017 R11: 00007ffcc87d3090 R12: 00007ffcc87bb420
[28306.342778] R13: 000055f519083b90 R14: 000055f519084320 R15: 000055f5190846f0
[28306.342781] Mem-Info:
[28306.342785] active_anon:1445186 inactive_anon:221344 isolated_anon:0
                active_file:40 inactive_file:39 isolated_file:0
                unevictable:224566 dirty:0 writeback:0 unstable:0
                slab_reclaimable:17404 slab_unreclaimable:33405
                mapped:136300 shmem:464184 pagetables:17826 bounce:0
                free:26127 free_pcp:0 free_cma:0
[28306.342787] Node 0 active_anon:5780744kB inactive_anon:885376kB active_file:160kB inactive_file:156kB unevictable:898264kB isolated(anon):0kB isolated(file):0kB mapped:545200kB dirty:0kB writeback:0kB shmem:1856736kB shmem_thp: 0kB shmem_pmdmapped: 0kB anon_thp: 0kB writeback_tmp:0kB unstable:0kB all_unreclaimable? no
[28306.342788] Node 0 DMA free:15896kB min:132kB low:164kB high:196kB reserved_highatomic:0KB active_anon:0kB inactive_anon:0kB active_file:0kB inactive_file:0kB unevictable:0kB writepending:0kB present:15984kB managed:15896kB mlocked:0kB kernel_stack:0kB pagetables:0kB bounce:0kB free_pcp:0kB local_pcp:0kB free_cma:0kB
[28306.342790] lowmem_reserve[]: 0 2483 7822 7822 7822
[28306.342792] Node 0 DMA32 free:42660kB min:21416kB low:26768kB high:32120kB reserved_highatomic:0KB active_anon:1850604kB inactive_anon:281856kB active_file:36kB inactive_file:0kB unevictable:309364kB writepending:0kB present:2621032kB managed:2555408kB mlocked:48kB kernel_stack:2888kB pagetables:14040kB bounce:0kB free_pcp:0kB local_pcp:0kB free_cma:0kB
[28306.342794] lowmem_reserve[]: 0 0 5338 5338 5338
[28306.342796] Node 0 Normal free:45952kB min:46032kB low:57540kB high:69048kB reserved_highatomic:0KB active_anon:3930140kB inactive_anon:603520kB active_file:0kB inactive_file:428kB unevictable:588900kB writepending:0kB present:5644288kB managed:5474080kB mlocked:32kB kernel_stack:17848kB pagetables:57264kB bounce:0kB free_pcp:0kB local_pcp:0kB free_cma:0kB
[28306.342798] lowmem_reserve[]: 0 0 0 0 0
[28306.342799] Node 0 DMA: 4*4kB (U) 3*8kB (U) 3*16kB (U) 2*32kB (U) 2*64kB (U) 2*128kB (U) 0*256kB 0*512kB 1*1024kB (U) 1*2048kB (M) 3*4096kB (M) = 15896kB
[28306.342805] Node 0 DMA32: 760*4kB (UME) 554*8kB (UME) 1111*16kB (UME) 528*32kB (UME) 13*64kB (ME) 6*128kB (ME) 0*256kB 0*512kB 0*1024kB 0*2048kB 0*4096kB = 43744kB
[28306.342810] Node 0 Normal: 2469*4kB (UME) 1945*8kB (UME) 854*16kB (UME) 243*32kB (UME) 4*64kB (ME) 0*128kB 0*256kB 0*512kB 0*1024kB 0*2048kB 0*4096kB = 47132kB
[28306.342815] Node 0 hugepages_total=0 hugepages_free=0 hugepages_surp=0 hugepages_size=1048576kB
[28306.342816] Node 0 hugepages_total=0 hugepages_free=0 hugepages_surp=0 hugepages_size=2048kB
[28306.342817] 464321 total pagecache pages
[28306.342818] 0 pages in swap cache
[28306.342818] Swap cache stats: add 0, delete 0, find 0/0
[28306.342819] Free swap  = 0kB
[28306.342819] Total swap = 0kB
[28306.342820] 2070326 pages RAM
[28306.342820] 0 pages HighMem/MovableOnly
[28306.342820] 58980 pages reserved
[28306.342821] 0 pages hwpoisoned
[28306.342822] Tasks state (memory values in pages):
[28306.342822] [  pid  ]   uid  tgid total_vm      rss pgtables_bytes swapents oom_score_adj name
[28306.342830] [    272]     0   272    17576      546   155648        0          -250 systemd-journal
[28306.342831] [    286]     0   286     8242      959    86016        0         -1000 systemd-udevd
[28306.342833] [    296]     0   296    19515       33    49152        0             0 lvmetad
[28306.342835] [    377]   979   377    22811      269    86016        0             0 systemd-timesyn
[28306.342837] [    499]    81   499     2311      753    53248        0          -900 dbus-daemon
[28306.342838] [    503]     0   503   101080      846   151552        0             0 NetworkManager
[28306.342839] [    504]   102   504   416806     2139   208896        0             0 polkitd
[28306.342841] [    506]     0   506     4261      310    73728        0             0 systemd-logind
[28306.342842] [    560]     0   560    58950      312    86016        0             0 gdm
[28306.342844] [    579]     0   579    78123      413    98304        0             0 ModemManager
[28306.342845] [    684]     0   684    60430      335   102400        0             0 accounts-daemon
[28306.342847] [    689]     0   689    40736      283    86016        0             0 gdm-session-wor
[28306.342848] [    690]     0   690     3480      293    65536        0             0 wpa_supplicant
[28306.342849] [    728]   120   728     4646      438    77824        0             0 systemd
[28306.342851] [    744]   120   744     7489      732    90112        0             0 (sd-pam)
[28306.342852] [    846]   120   846    40127      162    73728        0             0 gdm-x-session
[28306.342854] [    850]   120   850    90107     2386   192512        0             0 Xorg
[28306.342855] [    886]   120   886      579       16    45056        0             0 xf86-video-inte
[28306.342857] [    910]   120   910     1600       81    53248        0             0 dbus-daemon
[28306.342858] [    912]   120   912     1272       44    45056        0             0 dbus-run-sessio
[28306.342860] [    913]   120   913     1672      204    49152        0             0 dbus-daemon
[28306.342861] [    914]   120   914   139337      712   163840        0             0 gnome-session-b
[28306.342862] [    924]   120   924    77909      286   102400        0             0 at-spi-bus-laun
[28306.342864] [    930]   120   930     1600      105    57344        0             0 dbus-daemon
[28306.342865] [    952]   120   952   979265    26156   921600        0             0 gnome-shell
[28306.342866] [    968]   120   968    78577      423   102400        0             0 ibus-daemon
[28306.342868] [    971]   120   971    59971      208    90112        0             0 ibus-dconf
[28306.342869] [    974]   120   974    48911     2278   151552        0             0 ibus-x11
[28306.342870] [    976]   120   976    59968      210    98304        0             0 ibus-portal
[28306.342871] [    987]   120   987    39929      211    77824        0             0 at-spi2-registr
[28306.342873] [    991]   120   991    58059      147    86016        0             0 xdg-permission-
[28306.342874] [    996]     0   996    62248      424   106496        0             0 upowerd
[28306.342876] [    998]   120   998   273600      884   118784        0             0 pulseaudio
[28306.342877] [   1004]   120  1004   678914     1378   237568        0             0 gjs
[28306.342879] [   1015]   120  1015   116182      480   143360        0             0 gsd-sharing
[28306.342880] [   1016]   120  1016   115353      299   126976        0             0 gsd-usb-protect
[28306.342881] [   1020]   120  1020   144036     2393   217088        0             0 gsd-color
[28306.342883] [   1023]   120  1023    38730      130    61440        0             0 dconf-service
[28306.342884] [   1030]   120  1030   104165     2290   176128        0             0 gsd-keyboard
[28306.342886] [   1031]   120  1031    79702      358   122880        0             0 gsd-print-notif
[28306.342887] [   1032]   120  1032   113409      233   110592        0             0 gsd-rfkill
[28306.342888] [   1033]   120  1033    41550      205    94208        0             0 ibus-engine-sim
[28306.342890] [   1034]   120  1034    79423      350   118784        0             0 gsd-smartcard
[28306.342891] [   1035]   120  1035    85852     2330   176128        0             0 gsd-wacom
[28306.342892] [   1036]   133  1036    38182       62    61440        0             0 rtkit-daemon
[28306.342894] [   1038]   120  1038    92993      599   167936        0             0 gsd-datetime
[28306.342895] [   1051]   120  1051   170945     2523   196608        0             0 gsd-media-keys
[28306.342896] [   1054]   120  1054    58023      137    86016        0             0 gsd-screensaver
[28306.342898] [   1055]   120  1055    79780      365   118784        0             0 gsd-sound
[28306.342900] [   1056]   120  1056    78432      288   102400        0             0 gsd-a11y-settin
[28306.342901] [   1059]   120  1059    86150     2397   180224        0             0 gsd-xsettings
[28306.342902] [   1075]   120  1075    78486      315   106496        0             0 gsd-housekeepin
[28306.342904] [   1078]   120  1078   152182     2482   180224        0             0 gsd-power
[28306.342905] [   1107]   120  1107    84172      495   143360        0             0 gsd-printer
[28306.342906] [   1116]   974  1116    62126     1337   118784        0             0 colord
[28306.342908] [   1141]   120  1141    60402      348   102400        0             0 gsettings-helpe
[28306.342910] [   1150]   120  1150    59043      229    90112        0             0 gvfsd
[28306.342911] [   1156]   120  1156    96477      250   106496        0             0 gvfsd-fuse
[28306.342913] [   1646]     0  1646    78174      452   102400        0             0 gdm-session-wor
[28306.342914] [   1658]  1000  1658     4805      589    77824        0             0 systemd
[28306.342916] [   1659]  1000  1659    44355      777   106496        0             0 (sd-pam)
[28306.342917] [   1671]  1000  1671    59187      336    90112        0             0 gnome-keyring-d
[28306.342919] [   1675]  1000  1675    40127      175    69632        0             0 gdm-x-session
[28306.342920] [   1677]  1000  1677   124331    12072   352256        0             0 Xorg
[28306.342921] [   1679]  1000  1679      579       16    40960        0             0 xf86-video-inte
[28306.342923] [   1686]  1000  1686     2008      543    57344        0             0 dbus-daemon
[28306.342924] [   1688]  1000  1688    65539      582   131072        0             0 gnome-session-b
[28306.342926] [   1695]  1000  1695    59068      301    90112        0             0 gvfsd
[28306.342927] [   1700]  1000  1700    96477      274   106496        0             0 gvfsd-fuse
[28306.342928] [   1727]  1000  1727    77969      325   102400        0             0 at-spi-bus-laun
[28306.342930] [   1733]  1000  1733     1635      164    53248        0             0 dbus-daemon
[28306.342931] [   1740]  1000  1740    21633       93    69632        0             0 gnome-session-c
[28306.342933] [   1742]  1000  1742   102588      800   147456        0             0 gnome-session-b
[28306.342934] [   1757]  1000  1757  1228768    52688  1511424        0             0 gnome-shell
[28306.342935] [   1784]  1000  1784    78633      500   110592        0             0 ibus-daemon
[28306.342937] [   1788]  1000  1788    60031      303   102400        0             0 ibus-dconf
[28306.342938] [   1789]  1000  1789    68491     3401   163840        0             0 ibus-extension-
[28306.342939] [   1793]  1000  1793    49010     2333   151552        0             0 ibus-x11
[28306.342941] [   1795]  1000  1795    60061      377    98304        0             0 ibus-portal
[28306.342942] [   1806]  1000  1806    39929      249    77824        0             0 at-spi2-registr
[28306.342943] [   1810]  1000  1810    58060      194    77824        0             0 xdg-permission-
[28306.342945] [   1820]  1000  1820    38792      209    73728        0             0 dconf-service
[28306.342946] [   1823]  1000  1823    87947      561   135168        0             0 gvfs-udisks2-vo
[28306.342948] [   1829]     0  1829    98747      579   139264        0             0 udisksd
[28306.342949] [   1841]  1000  1841    58049      222    81920        0             0 gvfs-mtp-volume
[28306.342951] [   1845]  1000  1845    58108      214    81920        0             0 gvfs-goa-volume
[28306.342952] [   1849]  1000  1849   135068     1724   258048        0             0 goa-daemon
[28306.342953] [   1856]  1000  1856    79605      422   114688        0             0 goa-identity-se
[28306.342955] [   1861]  1000  1861    78342      289   106496        0             0 gvfs-afc-volume
[28306.342956] [   1871]  1000  1871    79347      458   118784        0             0 gvfsd-trash
[28306.342957] [   1880]  1000  1880   678934     1569   237568        0             0 gjs
[28306.342959] [   1890]  1000  1890    78459      319   110592        0             0 gsd-a11y-settin
[28306.342960] [   1891]  1000  1891   144087     2459   200704        0             0 gsd-color
[28306.342962] [   1892]  1000  1892    93019      630   155648        0             0 gsd-datetime
[28306.342963] [   1894]  1000  1894    78513      353   106496        0             0 gsd-housekeepin
[28306.342964] [   1896]  1000  1896    85818     2356   163840        0             0 gsd-keyboard
[28306.342966] [   1897]  1000  1897   289698     2593   225280        0             0 gsd-media-keys
[28306.342967] [   1901]  1000  1901   182561     2259   217088        0             0 tracker-miner-f
[28306.342968] [   1904]  1000  1904   170695     2569   192512        0             0 gsd-power
[28306.342970] [   1905]  1000  1905    79702      382   122880        0             0 gsd-print-notif
[28306.342971] [   1906]  1000  1906   113409      230   110592        0             0 gsd-rfkill
[28306.342972] [   1908]  1000  1908    57716      242    81920        0             0 gsd-disk-utilit
[28306.342974] [   1911]  1000  1911    58055      204    81920        0             0 gsd-screensaver
[28306.342975] [   1912]  1000  1912   116206      516   135168        0             0 gsd-sharing
[28306.342977] [   1921]  1000  1921    79450      396   118784        0             0 gsd-smartcard
[28306.342978] [   1922]  1000  1922    79807      401   118784        0             0 gsd-sound
[28306.342979] [   1923]  1000  1923    96946      350   118784        0             0 gsd-usb-protect
[28306.342981] [   1924]  1000  1924    85820     2387   172032        0             0 gsd-wacom
[28306.342982] [   1928]  1000  1928    79523      393   110592        0             0 gsd-wwan
[28306.342984] [   1932]  1000  1932   146102     5727   233472        0             0 blueman-applet
[28306.342985] [   1935]  1000  1935    86239     2434   180224        0             0 gsd-xsettings
[28306.342987] [   1963]  1000  1963    84172      510   143360        0             0 gsd-printer
[28306.342988] [   2022]  1000  2022    41576      339    90112        0             0 ibus-engine-sim
[28306.342989] [   2056]  1000  2056    82930     5372   237568        0             0 blueman-tray
[28306.342991] [   2068]  1000  2068    11043      211    73728        0             0 obexd
[28306.342992] [   2179]  1000  2179   303141    74023  1982464        0             0 chrome
[28306.342994] [   2186]  1000  2186     1362       16    49152        0             0 cat
[28306.342995] [   2187]  1000  2187     1362       16    45056        0             0 cat
[28306.342996] [   2190]  1000  2190    65881     2807   442368        0             0 chrome
[28306.342998] [   2191]  1000  2191    65881     2809   421888        0             0 chrome
[28306.342999] [   2192]  1000  2192     2638      110    65536        0             0 nacl_helper
[28306.343000] [   2193]  1000  2193     2638      141    69632        0             0 nacl_helper
[28306.343002] [   2196]  1000  2196    65881     2812   253952        0             0 chrome
[28306.343003] [   2219]  1000  2219    95828    13298   565248        0           200 chrome
[28306.343004] [   2262]  1000  2262  1148684     4516   696320        0           300 chrome
[28306.343006] [   2315]  1000  2315  1150345     5679   724992        0           300 chrome
[28306.343008] [   2351]  1000  2351  1179359    26620  1216512        0           300 chrome
[28306.343009] [   2355]  1000  2355  1160552    22703   995328        0           300 chrome
[28306.343011] [   2356]  1000  2356  1172850    26170  1081344        0           300 chrome
[28306.343012] [   2363]  1000  2363  1162128    10591   872448        0           300 chrome
[28306.343013] [   2408]  1000  2408 22025753     1372   241664        0           200 nacl_helper
[28306.343015] [   2482]  1000  2482  1171447    24753  1110016        0           300 chrome
[28306.343016] [   2547]  1000  2547   119882     4108   258048        0             0 gnome-terminal-
[28306.343018] [   2554]  1000  2554     3134     1015    61440        0             0 zsh
[28306.343019] [   5294]  1000  5294   863738     1388   200704        0             0 pulseaudio
[28306.343021] [   5314]  1000  5314    60402      361   102400        0             0 gsettings-helpe
[28306.343023] [   5678]  1000  5678    39701      191    77824        0             0 gvfsd-metadata
[28306.343024] [  12224]  1000 12224   126637     2715   204800        0             0 pasystray
[28306.343025] [  12233]  1000 12233   126641     2714   200704        0             0 pasystray
[28306.343027] [  12245]  1000 12245   126638     2714   200704        0             0 pasystray
[28306.343028] [  12258]  1000 12258   126632     2716   212992        0             0 pasystray
[28306.343030] [  12385]  1000 12385   140376     2965   446464        0           200 chrome
[28306.343031] [  12656]  1000 12656    59886      274    94208        0             0 flatpak-session
[28306.343033] [  12660]  1000 12660     1520       72    49152        0             0 p11-kit-server
[28306.343035] [  12662]  1000 12662   132014      213   114688        0             0 xdg-document-po
[28306.343036] [  12666]  1000 12666      604       27    45056        0             0 fusermount
[28306.343037] [  12798]  1000 12798   155692      830   147456        0             0 xdg-desktop-por
[28306.343038] [  12804]  1000 12804   123142     2353   188416        0             0 xdg-desktop-por
[28306.343040] [  12822]  1000 12822    36547      832   167936        0             0 pipewire
[28306.343041] [  12824]  1000 12824     4660      329    61440        0             0 pipewire-media-
[28306.343042] [  13399]     0 13399     2622      229    61440        0             0 bluetoothd
[28306.343044] [  13761]  1000 13761   126633     2714   204800        0             0 pasystray
[28306.343045] [  15026]     0 15026     2346      217    53248        0             0 ofonod
[28306.343047] [  28936]  1000 28936      602       21    45056        0             0 bwrap
[28306.343048] [  28943]  1000 28943      602       20    45056        0             0 bwrap
[28306.343049] [  28944]  1000 28944    38956      355    69632        0             0 xdg-dbus-proxy
[28306.343051] [  28946]  1000 28946      668       70    45056        0             0 bwrap
[28306.343052] [  28947]  1000 28947   252488    14524  1703936        0             0 slack
[28306.343054] [  28951]  1000 28951     1557       63    53248        0             0 zypak-sandbox
[28306.343055] [  28976]  1000 28976    99692     9393   679936        0             0 slack
[28306.343057] [  28989]  1000 28989    67339     4936   385024        0             0 slack
[28306.343058] [  29022]  1000 29022     2542     1622    57344        0             0 p11-kit-remote
[28306.343060] [  29025]  1000 29025  6122429   163716  8163328        0             0 slack
[28306.343061] [  29542]  1000 29542  1206679    35517  1675264        0           300 chrome
[28306.343062] [  30022]  1000 30022  1196976    30545  1687552        0           300 chrome
[28306.343064] [  30104]  1000 30104  1152835     9343  1007616        0           300 chrome
[28306.343065] [  30701]  1000 30701   484378    47060   827392        0             0 telegram-deskto
[28306.343067] [  30732]  1000 30732   126631     2720   217088        0             0 pasystray
[28306.343069] [  31786]  1000 31786  1157714     9071   966656        0           300 chrome
[28306.343070] [  31897]  1000 31897  2216902    13488  1159168        0           300 chrome
[28306.343072] [  32181]  1000 32181      602       20    45056        0             0 bwrap
[28306.343073] [  32191]  1000 32191      602       20    40960        0             0 bwrap
[28306.343075] [  32192]  1000 32192    38821      233    73728        0             0 xdg-dbus-proxy
[28306.343076] [  32194]  1000 32194      668       70    45056        0             0 bwrap
[28306.343078] [  32195]  1000 32195   645736    14482  1253376        0             0 skypeforlinux
[28306.343079] [  32201]  1000 32201     1557       46    53248        0             0 zypak-sandbox
[28306.343080] [  32221]  1000 32221   271578    12011   831488        0             0 skypeforlinux
[28306.343082] [  32224]  1000 32224   227355     5633   417792        0             0 skypeforlinux
[28306.343083] [  32239]  1000 32239  1060692    93808  9129984        0             0 skypeforlinux
[28306.343085] [  32274]  1000 32274     2542     1622    61440        0             0 p11-kit-remote
[28306.343086] [  40444]  1000 40444  1193162    31094  1679360        0           300 chrome
[28306.343088] [  42416]  1000 42416  1166316    21457  1024000        0           300 chrome
[28306.343090] [  43476]  1000 43476    69089      356   118784        0             0 gvfsd-http
[28306.343091] [  44496]  1000 44496   217330     9403   376832        0             0 nautilus
[28306.343093] [  47344]  1000 47344      602       20    45056        0             0 bwrap
[28306.343094] [  47345]  1000 47345    39088      510    69632        0             0 xdg-dbus-proxy
[28306.343096] [  47347]  1000 47347      668      124    45056        0             0 bwrap
[28306.343097] [  47366]  1000 47366   159858    10664  1089536        0             0 code
[28306.343099] [  47368]  1000 47368    43541     1595   294912        0             0 code
[28306.343100] [  47390]  1000 47390   104407    10274   749568        0             0 code
[28306.343101] [  47397]  1000 47397    60107     2637   344064        0             0 code
[28306.343103] [  47415]  1000 47415  3078624    35797  4218880        0             0 code
[28306.343104] [  47434]  1000 47434   149256    19322  3268608        0             0 code
[28306.343105] [  47450]  1000 47450    99847     4567   856064        0             0 code
[28306.343107] [  47464]  1000 47464   138576     8677  2654208        0             0 code
[28306.343108] [  47511]  1000 47511     2542     1622    61440        0             0 p11-kit-remote
[28306.343109] [  47602]  1000 47602    52183    12107   176128        0             0 python3
[28306.343111] [  47605]  1000 47605     7172     3877    98304        0             0 python3
[28306.343112] [  48851]  1000 48851     7041     3781    90112        0             0 python3
[28306.343114] [  50278]  1000 50278    91153     3966   811008        0             0 code
[28306.343116] [  54689]  1000 54689  1182435    26960  1380352        0           300 chrome
[28306.343117] [  55243]  1000 55243  1185527    17684  1396736        0           300 chrome
[28306.343119] [  83409]  1000 83409  1195075    33762  1593344        0           300 chrome
[28306.343120] [  83420]  1000 83420  1172735    29322  1200128        0           300 chrome
[28306.343122] [  84994]  1000 84994  1166376    22968  1118208        0           300 chrome
[28306.343123] [  85161]  1000 85161  1149196     4656   708608        0           300 chrome
[28306.343125] [  85611]  1000 85611   194968    23189  1265664        0           200 chrome
[28306.343126] [  86068]  1000 86068    97854      398   114688        0             0 gvfsd-network
[28306.343128] [  86084]  1000 86084    77842      321   102400        0             0 gvfsd-dnssd
[28306.343129] [  88897]     0 88897    41132      323    94208        0             0 gdm-session-wor
[28306.343132] [ 105822]  1000 105822  1183186    30629  1294336        0           300 chrome
[28306.343134] [ 106750]  1000 106750  1178867    28670  1183744        0           300 chrome
[28306.343135] [ 106816]  1000 106816  1169044    20791  1024000        0           300 chrome
[28306.343137] [ 106878]  1000 106878  1167333    21432  1019904        0           300 chrome
[28306.343138] [ 106890]  1000 106890  1145804     3868   593920        0           300 chrome
[28306.343140] [ 106975]  1000 106975     2495      793    65536        0             0 makepkg
[28306.343142] [ 107951]  1000 107951    90808     4973   135168        0             0 python
[28306.343143] [ 108023]  1000 108023     1980       22    53248        0             0 g++
[28306.343144] [ 108024]  1000 108024   122747   110965  1007616        0             0 cc1plus
[28306.343146] [ 108025]  1000 108025    13540    11661   151552        0             0 as
[28306.343147] [ 108097]  1000 108097  1150220     5800   729088        0           300 chrome
[28306.343149] [ 108126]  1000 108126     1980       22    53248        0             0 g++
[28306.343151] [ 108127]  1000 108127    79364    66827   659456        0             0 cc1plus
[28306.343152] [ 108128]  1000 108128     5521     3616    81920        0             0 as
[28306.343154] [ 108129]  1000 108129     1980       22    57344        0             0 g++
[28306.343155] [ 108130]  1000 108130    84047    69389   684032        0             0 cc1plus
[28306.343156] [ 108131]  1000 108131     5620     3726    86016        0             0 as
[28306.343158] [ 108191]  1000 108191     1980       22    53248        0             0 g++
[28306.343160] [ 108192]  1000 108192    32314    21067   299008        0             0 cc1plus
[28306.343161] [ 108193]  1000 108193     3046     1155    61440        0             0 as
[28306.343162] [ 108194]  1000 108194  1146891     4573   696320        0           300 chrome
[28306.343164] [ 108205]  1000 108205     1980       42    49152        0             0 g++
[28306.343165] [ 108206]  1000 108206    32247    21580   286720        0             0 cc1plus
[28306.343167] [ 108207]  1000 108207     3046     1155    57344        0             0 as
[28306.343168] [ 108210]  1000 108210  2206489     6955   843776        0           300 chrome
[28306.343170] oom-kill:constraint=CONSTRAINT_NONE,nodemask=(null),cpuset=/,mems_allowed=0,global_oom,task_memcg=/user.slice/user-1000.slice/user@1000.service,task=chrome,pid=29542,uid=1000
[28306.343210] Out of memory: Killed process 29542 (chrome) total-vm:4826716kB, anon-rss:130660kB, file-rss:0kB, shmem-rss:11408kB, UID:1000 pgtables:1636kB oom_score_adj:300
[28306.354102] oom_reaper: reaped process 29542 (chrome), now anon-rss:0kB, file-rss:0kB, shmem-rss:420kB
[29128.879956] usb 1-4: USB disconnect, device number 8
[29131.001909] usb 1-4: new full-speed USB device number 9 using xhci_hcd
[29131.143476] usb 1-4: New USB device found, idVendor=24c6, idProduct=581a, bcdDevice= 1.01
[29131.143483] usb 1-4: New USB device strings: Mfr=1, Product=2, SerialNumber=...
[29131.143486] usb 1-4: Product: XB1 Classic Controller
[29131.143498] usb 1-4: Manufacturer: BDA
[29131.143501] usb 1-4: SerialNumber: ...
[29131.146955] input: Generic X-Box pad as /devices/pci0000:00/0000:00:14.0/usb1/1-4/1-4:1.0/input/input61
[29176.921771] input: Xbox Gamepad (userspace driver) as /devices/virtual/input/input62
[29563.945002] input: ... (AVRCP) as /devices/virtual/input/input63
[33182.434648] usb 1-4: USB disconnect, device number 9
[37974.690740] atkbd serio0: Unknown key pressed (translated set 2, code 0x85 on isa0060/serio0).
[37974.690746] atkbd serio0: Use 'setkeycodes e005 <keycode>' to make it known.
[37974.862279] r8169 0000:01:00.0 enp1s0: Link is Down
[37980.308020] PM: suspend entry (deep)
[37980.309844] Filesystems sync: 0.001 seconds
[37980.317375] Freezing user space processes ... (elapsed 0.006 seconds) done.
[37980.324058] OOM killer disabled.
[37980.324059] Freezing remaining freezable tasks ... (elapsed 0.001 seconds) done.
[37980.325833] printk: Suspending console(s) (use no_console_suspend to debug)
[37980.326310] wlp2s0: deauthenticating from XXX by local choice (Reason: 3=DEAUTH_LEAVING)
[37980.935731] ACPI: EC: interrupt blocked
[37980.976316] ACPI: Preparing to enter system sleep state S3
[37980.977447] ACPI: EC: event blocked
[37980.977448] ACPI: EC: EC stopped
[37980.977449] PM: Saving platform NVS memory
[37980.977484] Disabling non-boot CPUs ...
[37980.979128] smpboot: CPU 1 is now offline
[37980.983840] smpboot: CPU 2 is now offline
[37980.987602] smpboot: CPU 3 is now offline
[37980.992613] ACPI: Low-level resume complete
[37980.992705] ACPI: EC: EC started
[37980.992705] PM: Restoring platform NVS memory
[37980.995230] Enabling non-boot CPUs ...
[37980.995279] x86: Booting SMP configuration:
[37980.995280] smpboot: Booting Node 0 Processor 1 APIC 0x2
[37980.995627] microcode: sig=0x806e9, pf=0x80, revision=0x8e
[37980.997596] CPU1 is up
[37980.997622] smpboot: Booting Node 0 Processor 2 APIC 0x1
[37980.997959] microcode: sig=0x806e9, pf=0x80, revision=0xca
[37980.998308] CPU2 is up
[37980.998333] smpboot: Booting Node 0 Processor 3 APIC 0x3
[37980.998923] CPU3 is up
[37981.000298] ACPI: Waking up from system sleep state S3
[37982.068840] ACPI: EC: interrupt unblocked
[37982.107572] usb usb1: root hub lost power or was reset
[37982.107575] usb usb2: root hub lost power or was reset
[37982.114186] iwlwifi 0000:02:00.0: Applying debug destination EXTERNAL_DRAM
[37982.214314] nvme nvme0: 4/0/0 default/read/poll queues
[37982.248695] iwlwifi 0000:02:00.0: Applying debug destination EXTERNAL_DRAM
[37982.316679] iwlwifi 0000:02:00.0: FW already configured (0) - re-configuring
[37982.415793] ata2: SATA link down (SStatus 4 SControl 300)
[37982.415826] ata1: SATA link down (SStatus 4 SControl 300)
[37982.455541] usb 1-6: reset high-speed USB device number 2 using xhci_hcd
[37982.601566] restoring control HASH_E17-0346-DC5B-D054-946149EEE67E/10/5
[37982.601570] restoring control HASH_E17-0346-DC5B-D054-946149EEE67E/12/11
[37982.718916] usb 1-7: reset full-speed USB device number 3 using xhci_hcd
[37982.982259] usb 1-8: reset full-speed USB device number 4 using xhci_hcd
[37983.305502] ACPI: EC: event unblocked
[37983.315293] mei_hdcp 0000:00:16.0-HASH_BC0-5B5B-1043-32E7-8ED7D3965D57: bound 0000:00:02.0 (ops i915_hdcp_component_ops [i915])
[37983.315815] acpi LNXPOWER:01: Turning OFF
[37983.316263] Bluetooth: hci0: Bootloader revision 0.0 build 26 week 38 2015
[37983.316920] OOM killer enabled.
[37983.316922] Restarting tasks ... 
[37983.322780] Bluetooth: hci0: Device revision is 16
[37983.322784] Bluetooth: hci0: Secure boot is enabled
[37983.322787] Bluetooth: hci0: OTP lock is enabled
[37983.322790] Bluetooth: hci0: API lock is enabled
[37983.322793] Bluetooth: hci0: Debug lock is disabled
[37983.322804] Bluetooth: hci0: Minimum firmware build 1 week 10 2014
[37983.322814] Bluetooth: hci0: Found device firmware: intel/ibt-12-16.sfi
[37983.357515] done.
[37983.465802] PM: suspend exit
[37983.851330] Generic FE-GE Realtek PHY r8169-100:00: attached PHY driver [Generic FE-GE Realtek PHY] (mii_bus:phy_addr=r8169-100:00, irq=IGNORE)
[37983.962834] r8169 0000:01:00.0 enp1s0: Link is Down
[37984.149166] psmouse serio3: synaptics: queried max coordinates: x [..5646], y [..4676]
[37984.178831] psmouse serio3: synaptics: queried min coordinates: x [1294..], y [1178..]
[37984.766976] Bluetooth: hci0: Waiting for firmware download to complete
[37984.767221] Bluetooth: hci0: Firmware loaded in 1417614 usecs
[37984.767314] Bluetooth: hci0: Waiting for device to boot
[37984.779255] Bluetooth: hci0: Device booted in 11741 usecs
[37984.779265] Bluetooth: hci0: Found Intel DDC parameters: intel/ibt-12-16.ddc
[37984.782272] Bluetooth: hci0: Applying Intel DDC parameters completed
[37984.784279] Bluetooth: hci0: Firmware revision 0.1 build 50 week 12 2019
[37989.897888] wlp2s0: authenticate with XXX
[37989.906561] wlp2s0: send auth to XXX (try 1/3)
[37989.917072] wlp2s0: authenticated
[37989.918454] wlp2s0: associate with XXX (try 1/3)
[37989.921521] wlp2s0: RX AssocResp from XXX (capab=0x1511 status=0 aid=80)
[37989.923996] wlp2s0: associated
[37990.043147] wlp2s0: Limiting TX power to 30 (30 - 0) dBm as advertised by XXX
[37990.054024] IPv6: ADDRCONF(NETDEV_CHANGE): wlp2s0: link becomes ready
[42214.267905] r8169 0000:01:00.0 enp1s0: Link is Down
[44211.597227] atkbd serio0: Unknown key pressed (translated set 2, code 0x85 on isa0060/serio0).
[44211.597236] atkbd serio0: Use 'setkeycodes e005 <keycode>' to make it known.
[44217.015044] PM: suspend entry (deep)
[44217.023503] Filesystems sync: 0.008 seconds
[44217.030163] Freezing user space processes ... (elapsed 0.003 seconds) done.
[44217.033287] OOM killer disabled.
[44217.033287] Freezing remaining freezable tasks ... (elapsed 0.001 seconds) done.
[44217.034600] printk: Suspending console(s) (use no_console_suspend to debug)
[44217.034837] wlp2s0: deauthenticating from XXX by local choice (Reason: 3=DEAUTH_LEAVING)
[44217.637935] ACPI: EC: interrupt blocked
[44217.685178] ACPI: Preparing to enter system sleep state S3
[44217.686312] ACPI: EC: event blocked
[44217.686313] ACPI: EC: EC stopped
[44217.686314] PM: Saving platform NVS memory
[44217.686348] Disabling non-boot CPUs ...
[44217.687990] smpboot: CPU 1 is now offline
[44217.692391] smpboot: CPU 2 is now offline
[44217.696104] smpboot: CPU 3 is now offline
[44217.700614] ACPI: Low-level resume complete
[44217.700716] ACPI: EC: EC started
[44217.700717] PM: Restoring platform NVS memory
[44217.703785] Enabling non-boot CPUs ...
[44217.703836] x86: Booting SMP configuration:
[44217.703838] smpboot: Booting Node 0 Processor 1 APIC 0x2
[44217.704311] microcode: sig=0x806e9, pf=0x80, revision=0x8e
[44217.707059] CPU1 is up
[44217.707095] smpboot: Booting Node 0 Processor 2 APIC 0x1
[44217.707659] microcode: sig=0x806e9, pf=0x80, revision=0xca
[44217.708137] CPU2 is up
[44217.708172] smpboot: Booting Node 0 Processor 3 APIC 0x3
[44217.709029] CPU3 is up
[44217.710957] ACPI: Waking up from system sleep state S3
[44218.777962] ACPI: EC: interrupt unblocked
[44218.818775] usb usb1: root hub lost power or was reset
[44218.818779] usb usb2: root hub lost power or was reset
[44218.827850] iwlwifi 0000:02:00.0: Applying debug destination EXTERNAL_DRAM
[44218.925751] nvme nvme0: 4/0/0 default/read/poll queues
[44218.962073] iwlwifi 0000:02:00.0: Applying debug destination EXTERNAL_DRAM
[44219.030214] iwlwifi 0000:02:00.0: FW already configured (0) - re-configuring
[44219.124803] ata1: SATA link down (SStatus 4 SControl 300)
[44219.124836] ata2: SATA link down (SStatus 4 SControl 300)
[44219.167805] usb 1-6: reset high-speed USB device number 2 using xhci_hcd
[44219.314280] restoring control HASH_E17-0346-DC5B-D054-946149EEE67E/10/5
[44219.314284] restoring control HASH_E17-0346-DC5B-D054-946149EEE67E/12/11
[44219.431058] usb 1-8: reset full-speed USB device number 4 using xhci_hcd
[44219.694172] usb 1-7: reset full-speed USB device number 3 using xhci_hcd
[44220.027800] ACPI: EC: event unblocked
[44220.037604] mei_hdcp 0000:00:16.0-HASH_BC0-5B5B-1043-32E7-8ED7D3965D57: bound 0000:00:02.0 (ops i915_hdcp_component_ops [i915])
[44220.037979] acpi LNXPOWER:01: Turning OFF
[44220.038760] Bluetooth: hci0: Bootloader revision 0.0 build 26 week 38 2015
[44220.038995] OOM killer enabled.
[44220.038997] Restarting tasks ... 
[44220.039726] Bluetooth: hci0: Device revision is 16
[44220.039730] Bluetooth: hci0: Secure boot is enabled
[44220.039732] Bluetooth: hci0: OTP lock is enabled
[44220.039735] Bluetooth: hci0: API lock is enabled
[44220.039737] Bluetooth: hci0: Debug lock is disabled
[44220.039740] Bluetooth: hci0: Minimum firmware build 1 week 10 2014
[44220.044874] Bluetooth: hci0: Found device firmware: intel/ibt-12-16.sfi
[44220.094069] done.
[44220.166644] PM: suspend exit
[44220.551358] Generic FE-GE Realtek PHY r8169-100:00: attached PHY driver [Generic FE-GE Realtek PHY] (mii_bus:phy_addr=r8169-100:00, irq=IGNORE)
[44220.665163] r8169 0000:01:00.0 enp1s0: Link is Down
[44220.829034] psmouse serio3: synaptics: queried max coordinates: x [..5646], y [..4676]
[44220.859244] psmouse serio3: synaptics: queried min coordinates: x [1294..], y [1178..]
[44221.417016] Bluetooth: hci0: Waiting for firmware download to complete
[44221.417657] Bluetooth: hci0: Firmware loaded in 1347402 usecs
[44221.417758] Bluetooth: hci0: Waiting for device to boot
[44221.429722] Bluetooth: hci0: Device booted in 11703 usecs
[44221.429897] Bluetooth: hci0: Found Intel DDC parameters: intel/ibt-12-16.ddc
[44221.432672] Bluetooth: hci0: Applying Intel DDC parameters completed
[44221.434677] Bluetooth: hci0: Firmware revision 0.1 build 50 week 12 2019
[44227.509913] wlp2s0: authenticate with XXX
[44227.517889] wlp2s0: send auth to XXX (try 1/3)
[44227.529701] wlp2s0: authenticated
[44227.534173] wlp2s0: associate with XXX (try 1/3)
[44227.537369] wlp2s0: RX AssocResp from XXX (capab=0x1511 status=0 aid=31)
[44227.539276] wlp2s0: associated
[44227.607020] wlp2s0: Limiting TX power to 30 (30 - 0) dBm as advertised by XXX
[44227.674944] IPv6: ADDRCONF(NETDEV_CHANGE): wlp2s0: link becomes ready
[47039.359619] usb 1-4: new full-speed USB device number 10 using xhci_hcd
[47039.501325] usb 1-4: New USB device found, idVendor=24c6, idProduct=581a, bcdDevice= 1.01
[47039.501333] usb 1-4: New USB device strings: Mfr=1, Product=2, SerialNumber=...
[47039.501338] usb 1-4: Product: XB1 Classic Controller
[47039.501342] usb 1-4: Manufacturer: BDA
[47039.501346] usb 1-4: SerialNumber: ...
[47039.503231] input: Generic X-Box pad as /devices/pci0000:00/0000:00:14.0/usb1/1-4/1-4:1.0/input/input76
[47066.463971] Non-volatile memory driver v1.3
[47066.732070] st: Version 20160209, fixed bufsize 32768, s/g segs 256
