[83800.300372] [   1257]   116  1257    86307      352   290816      926             0 colord
[83800.300375] [   1322]     0  1322    78436        1   229376      297             0 gdm3
[83800.300378] [   1340]     0  1340    66809        1   274432      323             0 gdm-session-wor
[83800.300381] [   1414]     0  1414    47309      628   229376     1754             0 wicd
[83800.300384] [   1427]   121  1427    19278      177   184320      230             0 systemd
[83800.300387] [   1428]   121  1428    28610       70   253952      699             0 (sd-pam)
[83800.300390] [   1451]     0  1451    27126      255   229376     1631             0 wicd-monitor
[83800.300394] [   1471]   121  1471    50840        1   151552      146             0 gdm-wayland-ses
[83800.300397] [   1473]   121  1473    12606        1   139264      265             0 dbus-daemon
[83800.300400] [   1474]     0  1474     6487        1    90112      318             0 dhclient
[83800.300403] [   1478]   121  1478   161631       64   442368      545             0 gnome-session-b
[83800.300406] [   1595]   121  1595  1146542    22570  1814528    11688             0 gnome-shell
[83800.300409] [   1610]   122  1610    57434       42   425984     1254             0 freshclam
[83800.300412] [   1617]   111  1617    14232       27   143360       85             0 kerneloops
[83800.300415] [   1626]   111  1626    14232       27   143360       87             0 kerneloops
[83800.300419] [   1698]   121  1698   420562      196   724992     5568             0 Xwayland
[83800.300422] [   1877]   121  1877    91454        0   217088      250             0 at-spi-bus-laun
[83800.300425] [   1882]   121  1882    12470        1   147456      121             0 dbus-daemon
[83800.300429] [   1884]   121  1884    55188        1   192512      207             0 at-spi2-registr
[83800.300433] [   2030]   121  2030   332529      173   520192      814             0 pulseaudio
[83800.300436] [   2037]   109  2037    45866       21   131072       47             0 rtkit-daemon
[83800.300439] [   2493]   121  2493    95215        1   229376      394             0 ibus-daemon
[83800.300443] [   2496]   121  2496    75028        0   204800      215             0 ibus-dconf
[83800.300446] [   2498]   121  2498   313309        1   815104     3060             0 ibus-x11
[83800.300450] [   2501]   121  2501    74514        0   192512      208             0 ibus-portal
[83800.300453] [   2509]   121  2509    69870        0   163840      155             0 xdg-permission-
[83800.300456] [   2513]     0  2513    82025      212   233472      171             0 upowerd
[83800.300459] [   2521]     0  2521   134766    18920   651264    11810             0 packagekitd
[83800.300462] [   2523]   121  2523   350285        2   823296     3375             0 gsd-xsettings
[83800.300465] [   2527]   121  2527    75089        0   192512      246             0 gsd-a11y-settin
[83800.300469] [   2529]   121  2529   313228        1   802816     3060             0 gsd-clipboard
[83800.300472] [   2533]   121  2533   393878      460   892928     2711             0 gsd-color
[83800.300475] [   2534]   121  2534    99812        0   446464      490             0 gsd-datetime
[83800.300478] [   2535]   121  2535    72318        0   176128      164             0 gsd-housekeepin
[83800.300482] [   2537]   121  2537   351385      164   827392     2913             0 gsd-keyboard
[83800.300485] [   2538]   121  2538   460366      318   892928     2869             0 gsd-media-keys
[83800.300488] [   2540]   121  2540    51901        0   155648      148             0 gsd-mouse
[83800.300491] [   2544]   121  2544   354035      210   876544     2960             0 gsd-power
[83800.300494] [   2548]   121  2548    68135        0   270336      305             0 gsd-print-notif
[83800.300498] [   2549]   121  2549    51906        0   155648      150             0 gsd-rfkill
[83800.300501] [   2554]   121  2554    70335        1   167936      160             0 gsd-screensaver
[83800.300504] [   2559]   121  2559    81827        0   253952      321             0 gsd-sharing
[83800.300507] [   2563]   121  2563    99141        0   245760      301             0 gsd-smartcard
[83800.300510] [   2566]   121  2566    87229        0   286720      333             0 gsd-sound
[83800.300513] [   2572]   121  2572   334496      202   847872     2962             0 gsd-wacom
[83800.300516] [   2596]   121  2596    46940        1   143360      147             0 dconf-service
[83800.300519] [   2603]   121  2603    56097        0   180224      215             0 ibus-engine-sim
[83800.300523] [   2754]     0  2754    68360        1   286720      339             0 gdm-session-wor
[83800.300526] [   2761]  1001  2761    19321      208   180224      231             0 systemd
[83800.300529] [   2762]  1001  2762    65476       71   270336      708             0 (sd-pam)
[83800.300532] [   2778]  1001  2778    73529       67   188416      177             0 gnome-keyring-d
[83800.300535] [   2782]  1001  2782    54424        1   180224      167             0 gdm-x-session
[83800.300538] [   2784]  1001  2784   404200    15154   892928     5712             0 Xorg
[83800.300541] [   2801]  1001  2801    12959      540   147456       77             0 dbus-daemon
[83800.300544] [   2804]  1001  2804   164781      290   483328      515             0 gnome-session-b
[83800.300547] [   2814]  1001  2814    74413      140   188416      116             0 gvfsd
[83800.300551] [   2819]  1001  2819   107982        0   204800      286             0 gvfsd-fuse
[83800.300554] [   2928]  1001  2928     2817        9    65536       71             0 ssh-agent
[83800.300557] [   2942]  1001  2942    92028       66   225280      177             0 at-spi-bus-laun
[83800.300560] [   2947]  1001  2947    12535       60   139264       90             0 dbus-daemon
[83800.300563] [   2949]  1001  2949    55174       75   196608      116             0 at-spi2-registr
[83800.300566] [   2975]  1001  2975  1127205    60455  2142208    16866             0 gnome-shell
[83800.300570] [   2996]  1001  2996   617953      945   581632      506             0 pulseaudio
[83800.300573] [   3009]  1001  3009   114476      590   249856      160             0 ibus-daemon
[83800.300576] [   3013]  1001  3013    75607        0   204800      253             0 ibus-dconf
[83800.300579] [   3015]  1001  3015    91055      350   479232      964             0 ibus-x11
[83800.300583] [   3017]  1001  3017    75088       59   204800      163             0 ibus-portal
[83800.300586] [   3028]  1001  3028    75031       79   204800      155             0 xdg-permission-
[83800.300589] [   3033]  1001  3033   269919       44  1138688     2174             0 gnome-shell-cal
[83800.300592] [   3039]  1001  3039   412832       12  1224704     2243             0 evolution-sourc
[83800.300595] [   3043]   118  3043   103246      231   360448     2109             0 geoclue
[83800.300598] [   3048]  1001  3048    47061      174   139264       66             0 dconf-service
[83800.300601] [   3051]  1001  3051    99994      519   262144      176             0 gvfs-udisks2-vo
[83800.300604] [   3056]  1001  3056    69909       52   167936       84             0 gvfs-goa-volume
[83800.300608] [   3060]  1001  3060   198347       70   696320     1431             0 goa-daemon
[83800.300611] [   3067]  1001  3067    81293        0   253952      323             0 goa-identity-se
[83800.300614] [   3072]  1001  3072    73570       62   196608      129             0 gvfs-gphoto2-vo
[83800.300618] [   3076]  1001  3076    70358       87   167936       76             0 gvfs-mtp-volume
[83800.300621] [   3080]  1001  3080    96106       65   229376      155             0 gvfs-afc-volume
[83800.300624] [   3088]  1001  3088   112193      202   483328     1191             0 gsd-wacom
[83800.300627] [   3089]  1001  3089   128086      344   499712     1302             0 gsd-xsettings
[83800.300630] [   3093]  1001  3093    75633       77   208896      150             0 gsd-a11y-settin
[83800.300633] [   3094]  1001  3094    90988      177   450560     1143             0 gsd-clipboard
[83800.300636] [   3095]  1001  3095   222838      483   552960      933             0 gsd-color
[83800.300640] [   3097]  1001  3097   120650       71   479232      474             0 gsd-datetime
[83800.300643] [   3101]  1001  3101    95174      140   221184      132             0 gsd-housekeepin
[83800.300646] [   3108]  1001  3108    75632       76   212992      152             0 gsd-mouse
[83800.300649] [   3109]  1001  3109   131241      193   499712     1161             0 gsd-keyboard
[83800.300652] [   3112]  1001  3112   258659      447   585728     1043             0 gsd-media-keys
[83800.300656] [   3118]  1001  3118   133916      341   532480     1103             0 gsd-power
[83800.300659] [   3122]  1001  3122    88757      122   294912      232             0 gsd-print-notif
[83800.300661] [   3123]  1001  3123   107238       65   180224       95             0 gsd-rfkill
[83800.300664] [   3127]  1001  3127    70367       80   176128       62             0 gsd-screensaver
[83800.300667] [   3129]  1001  3129   119304      223   282624      275             0 gsd-sharing
[83800.300670] [   3132]  1001  3132   118121       61   266240      210             0 gsd-smartcard
[83800.300673] [   3136]  1001  3136    87775       79   290816      240             0 gsd-sound
[83800.300676] [   3175]  1001  3175   128578        0   454656      482             0 gsd-printer
[83800.300679] [   3189]  1001  3189   159450      180   536576      998             0 alarm-clock-app
[83800.300683] [   3193]  1001  3193   318744     1967  1245184     2604             0 evolution-alarm
[83800.300686] [   3194]  1001  3194   268654     2005   999424     7612             0 nautilus-deskto
[83800.300689] [   3195]  1001  3195    99387        1   258048      332             0 indicator-messa
[83800.300692] [   3197]  1001  3197    97794       19   372736      311             0 indicator-appli
[83800.300696] [   3205]  1001  3205    67961      341   167936      120             0 gsd-disk-utilit
[83800.300699] [   3211]  1001  3211   197315      158   708608     7903             0 blueman-applet
[83800.300702] [   3215]  1001  3215   108273      205   585728     5428             0 wicd-client
[83800.300705] [   3246]  1001  3246    97483      209   241664      209             0 gvfsd-trash
[83800.300708] [   3253]  1001  3253   414311      169  1245184     4397             0 kwalletd5
[83800.300711] [   3257]  1001  3257   305397        1  1269760    11157             0 evolution-calen
[83800.300715] [   3260]  1001  3260    21456       15   192512      177             0 gconfd-2
[83800.300717] [   3280]  1001  3280    20661        0   147456      169             0 obexd
[83800.300721] [   3282]  1001  3282   209985      182   942080     1788             0 kdeconnectd
[83800.300723] [   3308]     0  3308    21758        1   204800     1917          -900 python3
[83800.300727] [   3316]  1001  3316   394462      107  1302528    11122             0 evolution-calen
[83800.300729] [   3325]  1001  3325    56638      116   192512      137             0 ibus-engine-sim
[83800.300733] [   3332]  1001  3332   573885     2369   716800     1455             0 gjs
[83800.300735] [   3372]  1001  3372   276938        1  1155072     2198             0 evolution-addre
[83800.300738] [   3390]  1001  3390    92825        0   196608      259             0 gvfsd-burn
[83800.300742] [   3401]  1001  3401   329658        0  1179648     2314             0 evolution-addre
[83800.300744] [   3418]  1001  3418    52551        0   159744      194             0 gvfsd-metadata
[83800.300747] [   3459]  1001  3459   444753    38306  1429504    20563             0 gnome-software
[83800.300750] [   3462]  1001  3462   152760      195   524288     1173             0 update-notifier
[83800.300754] [   3494]     0  3494    80202      103   245760      158             0 boltd
[83800.300758] [   3609]     0  3609     6852        0    73728      218             0 mount.ntfs
[83800.300761] [   3624]  1001  3624   201178        0   720896     1597             0 deja-dup-monito
[83800.300764] [   3745]     0  3745   121643        1   626688     5775          -900 python3
[83800.300767] [   4621]     0  4621     1117        1    53248       20             0 none
[83800.300771] [   4718]  1001  4718   857635   104295  2805760    29794             0 plasma-discover
[83800.300774] [   4751]  1001  4751    37939      104   225280      401             0 kdeinit5
[83800.300777] [   4752]  1001  4752   176847     2420   811008     1606             0 klauncher
[83800.300780] [   4839]  1001  4839    62090        0   315392      378             0 kio_http_cache_
[83800.300783] [   7702]  1001  7702   228798      508  1032192     2451             0 kfritz
[83800.300787] [   7717]  1001  7717    39082      145   299008      427             0 kdeinit4
[83800.300790] [   7720]  1001  7720    53217      162   344064      372             0 klauncher
[83800.300793] [   7722]  1001  7722   188099     1144   860160      923             0 kded4
[83800.300796] [  13547]  1001 13547   167036     4169   729088        0             0 kded5
[83800.300800] [  19812]  1001 19812    26490       59    86016       16             0 gpg-agent
[83800.300804] [  20108]  1001 20108    97547      284   237568        0             0 gvfsd-network
[83800.300807] [  20131]  1001 20131    96721      241   233472        0             0 gvfsd-dnssd
[83800.300810] [  24780]  1001 24780   803649   280286  3743744        0             0 telegram-deskto
[83800.300814] [  24801]  1001 24801   125815      150   196608        0             0 xdg-document-po
[83800.300817] [  24805]  1001 24805     3235       34    69632        0             0 fusermount
[83800.300820] [  25022]  1001 25022   524585     9346  1527808        0             0 kpat
[83800.300823] [  25739]  1001 25739   170215      483   266240        0             0 xdg-desktop-por
[83800.300826] [  25749]  1001 25749   166027     1308   499712        0             0 xdg-desktop-por
[83800.300829] [  25763]  1001 25763  1630508   670474  8093696        0             0 firefox
[83800.300832] [  26103]  1001 26103   807424    89222  2846720        0             0 WebExtensions
[83800.300835] [  26166]  1001 26166   660866     7645  1064960        0             0 Privileged Cont
[83800.300839] [  26204]  1001 26204   684115    19310  1421312        0             0 Web Content
[83800.300842] [  26261]  1001 26261    98288     2192   684032        0             0 RDD Process
[83800.300845] [   8047]  1001  8047     6307       79    81920        0             0 tvbrowser.sh
[83800.300848] [   8080]  1001  8080  1260284   154120  2191360        0             0 java
[83800.300852] [  11882]     0 11882    28678      776   237568        0             0 cupsd
[83800.300855] [  11883]     0 11883    75894      368   344064        0             0 cups-browsed
[83800.300859] [  11899]     7 11899    21574      204   212992        0             0 dbus
[83800.300862] [  13275]  1001 13275   265074     8906   716800        0             0 nemo
[83800.300865] [  13397]  1001 13397     7493     2703   102400        0             0 wineserver
[83800.300868] [  13406]  1001 13406   497048      190   188416        0             0 services.exe
[83800.300871] [  13409]  1001 13409   489250      491   241664        0             0 winedevice.exe
[83800.300874] [  13418]  1001 13418   464218      146   167936        0             0 plugplay.exe
[83800.300877] [  13423]  1001 13423   508735      657   389120        0             0 winedevice.exe
[83800.300880] [  13428]  1001 13428   481073      690   290816        0             0 explorer.exe
[83800.300884] [  13435]  1001 13435   671596     2480   172032        0             0 Slay.exe
[83800.300887] [  15040]  1001 15040   727221    60755  1433600        0             0 telegram-deskto
[83800.300891] [  25459]  1001 25459   687716    23485  1568768        0             0 Web Content
[83800.300895] [  25734]  1001 25734   649263     4710   876544        0             0 Web Content
[83800.300899] [  11423]     0 11423   145810      838   552960        0             0 fwupd
[83800.300903] oom-kill:constraint=CONSTRAINT_NONE,nodemask=(null),cpuset=/,mems_allowed=0,global_oom,task_memcg=/,task=firefox,pid=25763,uid=1001
[83800.301300] Out of memory: Killed process 25763 (firefox) total-vm:6522032kB, anon-rss:2654184kB, file-rss:0kB, shmem-rss:27712kB, UID:1001 pgtables:7904kB oom_score_adj:0
[83800.517031] oom_reaper: reaped process 25763 (firefox), now anon-rss:0kB, file-rss:0kB, shmem-rss:27328kB
