[  pid  ]   uid  tgid total_vm      rss pgtables_bytes swapents oom_score_adj name
[   2177]     0  2177     3826        0    57344      526             0 udevd
[   3194]   101  3194     1144      123    45056       92             0 dbus-daemon
[   3294]     0  3294    59505      133    81920      166             0 upowerd
[   3300]     0  3300   107560        0    94208      123             0 elogind-daemon
[   3317]     0  3317     2171        0    61440      130             0 syslog-ng
[   3318]     0  3318   125960        0   122880      497             0 syslog-ng
[   3703]     0  3703      972        0    49152      109             0 login
[   3705]     0  3705     1976        0    53248       50             0 agetty
[   3706]     0  3706     1976        0    53248       50             0 agetty
[   3707]     0  3707     1976        0    53248       50             0 agetty
[   3708]     0  3708     1976        0    53248       50             0 agetty
[   3770]     0  3770     2486        0    61440      158             0 bash
[   3774]     0  3774     2151        0    53248       77             0 su
[   3775]  1000  3775     2635        0    69632      306             0 bash
[   3778]  1000  3778     2416        0    57344      112             0 startx
[   3795]  1000  3795      998        0    45056       55             0 xinit
[   3796]  1000  3796    42910     2991   258048     7303             0 X
[   3802]  1000  3802     6081       95    90112      414             0 dwm
[   3807]  1000  3807     4772        0    73728      633             0 st
[   3808]  1000  3808     2668        0    61440      353             0 bash
[   3889]  1000  3889     1119        0    53248       91             0 dbus-launch
[   3890]  1000  3890     1006        0    49152      116             0 dbus-daemon
[   4163]  1000  4163     6612      204    98304      678             0 st
[   4164]  1000  4164     2634        0    53248      305             0 bash
[   4168]  1000  4168     2374        2    57344       87             0 tmux: client
[   4170]  1000  4170     4647      927    73728     1453             0 tmux: server
[   4171]  1000  4171     2640        0    57344      311             0 bash
[   4175]  1000  4175     2151        0    57344       81             0 su
[   4181]     0  4181     2510        0    57344      199             0 bash
[   4185]  1000  4185     6454        0    98304      826             0 st
[   4186]  1000  4186     2814        0    57344      500             0 bash
[   4491]  1000  4491     6415        1    86016      724             0 st
[   4492]  1000  4492     2669        0    57344      350             0 bash
[   4495]  1000  4495     6549        1    86016      848             0 st
[   4496]  1000  4496     2714        0    57344      387             0 bash
[   4981]  1000  4981     6374        0    94208      742             0 st
[   4982]  1000  4982     2712        0    57344      385             0 bash
[   5015]  1000  5015    76076        0    98304      255             0 at-spi-bus-laun
[   5020]  1000  5020      977       33    45056       39             0 dbus-daemon
[   5046]  1000  5046    39407       14    73728      170             0 at-spi2-registr
[   5157]  1000  5157    38799        0    69632      196             0 dconf-service
[  13797]  1000 13797     2710      221    57344      162             0 bash
[  13801]  1000 13801     2730        0    61440      404             0 bash
[  13805]  1000 13805     2677        0    57344      369             0 bash
[  16108]  1000 16108    57755       53    73728       51             0 gpg-agent
[  16162]  1000 16162     4803        0    73728      641             0 st
[  16163]  1000 16163     2726        0    57344      405             0 bash
[  22027]   998 22027   156360        0   151552     1362             0 colord
[  27755]  1000 27755    72349     1119   708608    66695             0 ranger
[  28999]     0 28999    39322       49    69632       33             0 gpg-agent
[  19455]     0 19455     1976        0    53248       44             0 agetty
[  27674]     0 27674     1561        0    53248      182             0 bluetoothd
[  27735]     0 27735    88677      105   118784      170             0 bluealsa
[  28075]     0 28075     2180       42    53248      168             0 wpa_supplicant
[  28082]     0 28082      751       11    40960       29             0 wpa_cli
[  28237]     0 28237      713       22    45056       89             0 dhcpcd
[  29106]  1000 29106     2775        0    65536      156             0 bluetoothctl
[   9722]  1000  9722   482372     7329  2375680   252069             0 deluge-gtk
[  11094]     0 11094      778       18    40960      135             0 dhcpcd
[  25533]  1000 25533     1207        0    53248       94             0 xclip
[  26654]  1000 26654  8106802  3264618 64319488  4005287             0 firefox
[  26778]  1000 26778   201817    15793  1015808    10516             0 GPU Process
[  26827]  1000 26827   848613    41425  4063232   160587             0 Web Content
[  26886]  1000 26886  7102981    85228  3481600    27378             0 WebExtensions
[  26940]  1000 26940   618430     1337   704512     4104             0 Privileged Cont
[  27061]  1000 27061   189121      168   102400      315             0 pulseaudio
[  27076]  1000 27076   772959    27670  3084288   111872             0 Web Content
[  27080]  1000 27080   780769    38153  3117056   115951             0 Web Content
[  27096]  1000 27096   793777    31758  3182592   136761             0 Web Content
[  27115]  1000 27115   805918    28232  3407872   145007             0 Web Content
[  27137]  1000 27137   769741    22390  3047424   112275             0 Web Content
[  27161]  1000 27161   798346    27353  3362816   137135             0 Web Content
[  27197]  1000 27197   779509    27825  3059712   125823             0 Web Content
[  27307]  1000 27307   615318      855   667648     5136             0 file:// Content
[  27665]  1000 27665    51215       51   311296     1833             0 RDD Process
[  27862]  1000 27862   268834        0   135168      170             0 browserpass-nat
[  28058]  1000 28058     2576      215    61440        0             0 top
[  pid  ]   uid  tgid total_vm      rss pgtables_bytes swapents oom_score_adj name
[   2177]     0  2177     3826        0    57344      526             0 udevd
[   3194]   101  3194     1144       71    45056      145             0 dbus-daemon
[   3294]     0  3294    59505      135    81920      164             0 upowerd
[   3300]     0  3300   107560        0    94208      123             0 elogind-daemon
[   3317]     0  3317     2171        0    61440      130             0 syslog-ng
[   3318]     0  3318   125960        0   118784      492             0 syslog-ng
[   3703]     0  3703      972        0    49152      109             0 login
[   3705]     0  3705     1976        0    53248       50             0 agetty
[   3706]     0  3706     1976        0    53248       50             0 agetty
[   3707]     0  3707     1976        0    53248       50             0 agetty
[   3708]     0  3708     1976        0    53248       50             0 agetty
[   3770]     0  3770     2486        0    61440      158             0 bash
[   3774]     0  3774     2151        0    53248       77             0 su
[   3775]  1000  3775     2635        0    69632      306             0 bash
[   3778]  1000  3778     2416        0    57344      112             0 startx
[   3795]  1000  3795      998        0    45056       55             0 xinit
[   3796]  1000  3796    43251     2322   258048     7969             0 X
[   3802]  1000  3802     6081       96    90112      413             0 dwm
[   3807]  1000  3807     4772        0    73728      633             0 st
[   3808]  1000  3808     2668        0    61440      353             0 bash
[   3889]  1000  3889     1119        0    53248       91             0 dbus-launch
[   3890]  1000  3890     1006        0    49152       91             0 dbus-daemon
[   4163]  1000  4163     6612      199    98304      683             0 st
[   4164]  1000  4164     2634        0    53248      305             0 bash
[   4168]  1000  4168     2374        2    57344       87             0 tmux: client
[   4170]  1000  4170     4647      854    73728     1526             0 tmux: server
[   4171]  1000  4171     2640        0    57344      311             0 bash
[   4175]  1000  4175     2151        0    57344       81             0 su
[   4181]     0  4181     2510        0    57344      200             0 bash
[   4185]  1000  4185     6454        0    98304      827             0 st
[   4186]  1000  4186     2814        0    57344      501             0 bash
[   4491]  1000  4491     6415        1    86016      747             0 st
[   4492]  1000  4492     2669        0    57344      350             0 bash
[   4495]  1000  4495     6549        1    86016      848             0 st
[   4496]  1000  4496     2714        0    57344      387             0 bash
[   4981]  1000  4981     6374        0    94208      742             0 st
[   4982]  1000  4982     2712        0    57344      385             0 bash
[   5015]  1000  5015    76076        0    98304      255             0 at-spi-bus-laun
[   5020]  1000  5020      977       25    45056       47             0 dbus-daemon
[   5046]  1000  5046    39407        2    73728      182             0 at-spi2-registr
[   5157]  1000  5157    38799        0    69632      196             0 dconf-service
[  13797]  1000 13797     2710        1    57344      384             0 bash
[  13801]  1000 13801     2730        0    61440      415             0 bash
[  13805]  1000 13805     2677        0    57344      369             0 bash
[  16108]  1000 16108    57755       47    73728       57             0 gpg-agent
[  16162]  1000 16162     4803        0    73728      641             0 st
[  16163]  1000 16163     2726        0    57344      405             0 bash
[  22027]   998 22027   156360        0   151552     1362             0 colord
[  27755]  1000 27755    72349      806   708608    67008             0 ranger
[  28999]     0 28999    39322       49    69632       33             0 gpg-agent
[  19455]     0 19455     1976        0    53248       44             0 agetty
[  27674]     0 27674     1561        0    53248      173             0 bluetoothd
[  27735]     0 27735    88677        0   118784      295             0 bluealsa
[  28075]     0 28075     2180       29    53248      181             0 wpa_supplicant
[  28082]     0 28082      751        9    40960       31             0 wpa_cli
[  28237]     0 28237      713        1    45056      110             0 dhcpcd
[  29106]  1000 29106     2775        0    65536      173             0 bluetoothctl
[   9722]  1000  9722   483536    14777  2387968   245785             0 deluge-gtk
[  11094]     0 11094      778        1    40960      152             0 dhcpcd
[  28058]  1000 28058     2576      166    61440       49             0 top
[  28112]  1000 28112  8132123  3255151 66289664  3998923             0 firefox
[  28243]  1000 28243   156438     4996   770048     7867             0 GPU Process
[  28351]  1000 28351  7055950    78327  3002368    23650             0 WebExtensions
[  28404]  1000 28404   618281     2173   704512     3892             0 Privileged Cont
[  28526]  1000 28526   189187      156   106496      313             0 pulseaudio
[  28802]  1000 28802   797057    30076  3371008   126695             0 Web Content
[  28907]  1000 28907   828538    36850  3555328   139743             0 Web Content
[  28911]  1000 28911   803953    36548  3391488   129660             0 Web Content
[  28934]  1000 28934   826888    38225  3551232   145177             0 Web Content
[  28950]  1000 28950   836620    36967  3735552   147607             0 Web Content
[  28966]  1000 28966   775768    36060  3031040   102333             0 Web Content
[  29001]  1000 29001   820925    39765  3563520   144299             0 Web Content
[  29071]  1000 29071   802529    36041  3395584   129088             0 Web Content
[  29146]  1000 29146   616775      757   667648     6569             0 file:// Content
[  29461]  1000 29461    51215       45   319488     1817             0 RDD Process
