[  pid  ]   uid  tgid total_vm      rss pgtables_bytes swapents oom_score_adj name
[   2511]     0  2511     4825      954    57344        0             0 systemd-udevd
[   3510]     0  3510     2490      131    53248        0             0 syslog-ng
[   3511]     0  3511   127745      695   110592        0             0 syslog-ng
[   3546]     0  3546     1703      144    40960        0         -1000 sshd
[   3610]   101  3610     1485      474    49152        0             0 dbus-daemon
[   3638]     0  3638     3838      324    69632        0             0 iwd
[   3725]     0  3725   115462     2412   118784        0             0 NetworkManager
[   3764]     0  3764    78093      838   106496        0             0 ModemManager
[   3781]   102  3781    57977      309    81920        0             0 polkitd
[   3861]     0  3861     1588      472    49152        0             0 bluetoothd
[   3994]     0  3994     9262      273    77824        0             0 elogind-daemon
[   4062]     0  4062    55563      437    53248        0             0 crond
[   4094]     0  4094    57765      813    73728        0             0 cupsd
[   4129]   998  4129    68405     2256   122880        0             0 colord
[   4201]     0  4201     7139     3478    98304        0             0 slim
[   4206]     0  4206  6542653    35428   823296        0             0 X
[   4241]     0  4241    18313     1949    61440        0             0 ntpd
[   4275]   997  4275  1215817     7506   651264        0             0 zabbix_agent2
[   4318]     0  4318    55322      177    49152        0             0 agetty
[   4319]     0  4319    55322      177    53248        0             0 agetty
[   4320]     0  4320    55322      194    45056        0             0 agetty
[   4321]     0  4321    55322      177    53248        0             0 agetty
[   4322]     0  4322    55322      192    53248        0             0 agetty
[   4323]     0  4323    55322      193    53248        0             0 agetty
[   4393]  1000  4393    55755      455    65536        0             0 sh
[   4436]  1000  4436     1096      312    49152        0             0 dbus-launch
[   4438]  1000  4438     1207      376    45056        0             0 dbus-daemon
[   4441]  1000  4441    58170     1238    90112        0             0 imsettings-daem
[   4445]  1000  4445   112957     1091    98304        0             0 gvfsd
[   4450]  1000  4450    94805     1000   102400        0             0 gvfsd-fuse
[   4554]  1000  4554    76235      456    86016        0             0 at-spi-bus-laun
[   4559]  1000  4559     1274      464    49152        0             0 dbus-daemon
[   4564]  1000  4564     1096      330    45056        0             0 dbus-launch
[   4565]  1000  4565     1494      705    49152        0             0 dbus-daemon
[   4566]  1000  4566   124288     2066   196608        0             0 xfce4-session
[   4580]  1000  4580   112990      917   102400        0             0 gvfsd
[   4595]  1000  4595    39394      911    69632        0             0 at-spi2-registr
[   4598]  1000  4598   133070     2333   200704        0             0 xfce4-screensav
[   4605]  1000  4605     1441      191    49152        0             0 ssh-agent
[   4610]  1000  4610   148006     1498   102400        0             0 gpg-agent
[   4611]  1000  4611   453196    11764   688128        0             0 xfwm4
[   4655]  1000  4655   134550     4015   217088        0             0 xfsettingsd
[   4660]  1000  4660   208265     7537   352256        0             0 xfce4-panel
[   4664]  1000  4664   199498    10158   323584        0             0 Thunar
[   4674]  1000  4674   185686     7603   286720        0             0 xfdesktop
[   4677]  1000  4677   164377     5040   233472        0             0 panel-19-netloa
[   4678]  1000  4678   164374     5094   237568        0             0 panel-18-netloa
[   4679]  1000  4679   127518     6314   225280        0             0 panel-15-cpugra
[   4680]  1000  4680   200232     6372   266240        0             0 panel-20-cpufre
[   4681]  1000  4681   165026     5463   245760        0             0 panel-16-system
[   4682]  1000  4682   214018     7610   311296        0             0 panel-17-weathe
[   4683]  1000  4683   181288     5488   237568        0             0 panel-6-systray
[   4684]  1000  4684   123573     1948   180224        0             0 panel-21-xfce4-
[   4685]  1000  4685   182375     4875   241664        0             0 panel-8-pulseau
[   4686]  1000  4686   165260     5386   237568        0             0 panel-9-power-m
[   4687]  1000  4687   193032     4748   282624        0             0 panel-10-notifi
[   4706]  1000  4706   907627    38235  1277952        0             0 nextcloud
[   4710]  1000  4710   123525     2135   188416        0             0 xfce4-power-man
[   4718]  1000  4718   176141     7693   290816        0             0 panel-12-xkb
[   4719]  1000  4719   162275     5101   237568        0             0 panel-7-datetim
[   4720]  1000  4720   162696     4423   229376        0             0 panel-14-action
[   4722]     0  4722    57532      456    73728        0             0 upowerd
[   4745]  1000  4745   131265      962   110592        0             0 gvfs-udisks2-vo
[   4749]     0  4749    97136     1618   118784        0             0 udisksd
[   4764]  1000  4764   112555     1610    94208        0             0 gvfs-gphoto2-vo
[   4769]  1000  4769   112065     1063    98304        0             0 gvfs-mtp-volume
[   4806]  1000  4806   131545      765   110592        0             0 gvfsd-trash
[   4812]  1000  4812    93721     1552    86016        0             0 gvfsd-metadata
[   4823]  1000  4823   166464     6470   253952        0             0 xfce4-clipman
[   4830]  1000  4830   123598     1746   184320        0             0 polkit-gnome-au
[   4834]  1000  4834   211935     1266   151552        0             0 xiccd
[   4836]  1000  4836   470627     8999   696320        0             0 iwgtk
[   4839]  1000  4839   210311     6862   294912        0             0 xfce4-notifyd
[   4851]  1000  4851   112875      759    94208        0             0 imsettings-daem
[   4852]  1000  4852   201640     4043   258048        0             0 nm-applet
[   4857]  1000  4857   117958     1688   135168        0             0 wireplumber
[   4861]  1000  4861   167471     5681   262144        0             0 blueman-applet
[   4871]  1000  4871   111963     2903   143360        0             0 pipewire
[   4872]  1000  4872    62719     4991   110592        0             0 pipewire
[   4882]  1000  4882   140780     1652   188416        0             0 xfce4-volumed-p
[   5001]  1000  5001    38990     1186    65536        0             0 dconf-service
[   5002]  1000  5002   115281     1434   118784        0             0 imsettings-xim
[   5136]  1000  5136    11240      587    81920        0             0 obexd
[   5138]  1000  5138   128208     4909   221184        0             0 blueman-tray
[   5213]  1000  5213   150129     1169   118784        0             0 gnome-keyring-d
[   5288]  1000  5288   489731    10762   479232        0             0 xfce4-appfinder
[   5871]  1000  5871   221249    14618   397312        0             0 xfce4-terminal
[   5896]  1000  5896    55846      604    65536        0             0 bash
[   5966]  1000  5966    74463      566    69632        0             0 scdaemon
[   6165]  1000  6165    55536      539    53248        0             0 su
[   6188]     0  6188    55876      649    61440        0             0 bash
[   6323]  1000  6323    55846      607    57344        0             0 bash
[   6532]  1000  6532    55846      568    65536        0             0 bash
[   6609]  1000  6609    56452     1238    69632        0             0 ssh
[   7034]  1000  7034    55846      552    61440        0             0 bash
[   8532]  1000  8532    56592      973    69632        0             0 ssh
[   8668]  1000  8668 294113471    37661  1245184        0             0 signal-desktop
[   8671]  1000  8671  8497644     2580   348160        0             0 signal-desktop
[   8672]  1000  8672  8497642     2591   360448        0             0 signal-desktop
[   8674]  1000  8674  8497642     2231   188416        0             0 signal-desktop
[   8726]  1000  8726  8617565    13329   909312        0           200 signal-desktop
[   8751]  1000  8751  8514058     2850   417792        0             0 signal-desktop
[   8791]  1000  8791 296090340    60665  1634304        0             0 signal-desktop
[   8842]  1000  8842  8531689     2772   442368        0             0 signal-desktop
[   9005]  1000  9005  8629097    49886  1724416        0             0 chrome
[   9008]  1000  9008  8394461      717    81920        0             0 chrome_crashpad
[   9012]  1000  9012  8541834     3644   479232        0             0 chrome
[   9013]  1000  9013  8392406      148    81920        0             0 chrome_crashpad
[   9015]  1000  9015  8541831     3369   466944        0             0 chrome
[   9022]  1000  9022  8541838     3306   229376        0             0 chrome
[   9053]  1000  9053  8559516     9842   720896        0           200 chrome
[   9065]  1000  9065  8554234     5582   503808        0           200 chrome
[   9145]  1000  9145 296277247     6360   860160        0           300 chrome
[   9182]  1000  9182 296277283     6265   827392        0           300 chrome
[   9193]  1000  9193 297355166    96798  2232320        0           300 chrome
[   9203]  1000  9203 296281092    30532  1249280        0           300 chrome
[   9220]  1000  9220 296279948     8577   888832        0           300 chrome
[   9278]  1000  9278 296286748    20185  1097728        0           300 chrome
[   9308]  1000  9308 296280187     8302   901120        0           300 chrome
[   9347]  1000  9347  8569938     3761   557056        0           200 chrome
[   9447]  1000  9447 296280951    11041  1007616        0           300 chrome
[   9467]  1000  9467 296279597     7405   880640        0           300 chrome
[   9491]  1000  9491  8630474    67671  1761280        0             0 chrome
[   9495]  1000  9495    55349      118    61440        0             0 cat
[   9496]  1000  9496    55349      129    57344        0             0 cat
[   9497]  1000  9497 296547567    11383  1019904        0           300 chrome
[   9513]  1000  9513  8393881      506    65536        0             0 chrome_crashpad
[   9517]  1000  9517  8391828      164    57344        0             0 chrome_crashpad
[   9521]  1000  9521  8516060     3275   409600        0             0 chrome
[   9522]  1000  9522  8516059     3155   413696        0             0 chrome
[   9523]  1000  9523  8390818      578    65536        0             0 nacl_helper
[   9526]  1000  9526  8516065     2944   262144        0             0 chrome
[   9544]  1000  9544 296280325     7683   884736        0           300 chrome
[   9572]  1000  9572  8676136    30219  1863680        0           200 chrome
[   9573]  1000  9573  8552929    10307   712704        0           200 chrome
[   9585]  1000  9585  8529483     4774   552960        0           200 chrome
[   9617]  1000  9617    76202      470    81920        0             0 at-spi-bus-laun
[   9659]  1000  9659  8560202    23249   593920        0           200 chrome
[   9698]  1000  9698 296286463    63277  1794048        0           300 chrome
[   9720]  1000  9720 296284186    28306  1355776        0           300 chrome
[   9724]  1000  9724 296568857    43313  1822720        0           300 chrome
[   9733]  1000  9733 296277746    15209   978944        0           300 chrome
[   9833]  1000  9833 296280485    11102   937984        0           300 chrome
[   9862]  1000  9862 296280416    10221   917504        0           300 chrome
[   9913]  1000  9913 296279885    18251  1167360        0           300 chrome
[   9947]  1000  9947 296279544    10392   917504        0           300 chrome
[   9990]  1000  9990 296292541    32576  1155072        0           300 chrome
[  10004]  1000 10004 296281760    20744  1048576        0           300 chrome
[  10031]  1000 10031 296279544    10203   909312        0           300 chrome
[  10107]  1000 10107 296280165    16519  1105920        0           300 chrome
[  10134]  1000 10134 296284744    24192  1048576        0           300 chrome
[  10153]  1000 10153 296280182    21086  1044480        0           300 chrome
[  10175]  1000 10175  8549405     3418   524288        0           200 chrome
[  10260]  1000 10260 296284752    24004  1118208        0           300 chrome
[  10290]  1000 10290 296285087    28724  1101824        0           300 chrome
[  10304]  1000 10304 296291360    28814  1179648        0           300 chrome
[  10421]  1000 10421 296285374    29677  1089536        0           300 chrome
[  10500]  1000 10500 296291065    28736  1122304        0           300 chrome
[  10607]  1000 10607 296286014    29860  1175552        0           300 chrome
[  11924]  1000 11924 28307580   259844  3694592        0             0 java
[  12536]  1000 12536    55846      593    57344        0             0 bash
[  12917]  1000 12917    55788      459    61440        0             0 debug-ib-gatewa
[  12918]  1000 12918  4485030   977850  9351168        0             0 java
[  14028]  1000 14028 296285659    16184  1740800        0           300 chrome
[  20326]  1000 20326 296279769     7964   884736        0           300 chrome
[  20387]  1000 20387 296279511     8296   884736        0           300 chrome
[  20428]  1000 20428 296279511     9559   913408        0           300 chrome
[  20506]  1000 20506 296279769    10140   929792        0           300 chrome
[  20534]  1000 20534 296279511     7502   864256        0           300 chrome
[  21769]  1000 21769    55882      610    61440        0             0 bash
[  21660]  1000 21660    55846      567    53248        0             0 bash
[  21845]  1000 21845    55536      538    53248        0             0 su
[  21874]     0 21874    55847      618    57344        0             0 bash
[   4901]  1000  4901 296279884     7614   868352        0           300 chrome
[  19121]  1000 19121    55846      596    57344        0             0 bash
[  26831]  1000 26831 296279955    20672  1146880        0           300 chrome
[  27231]  1000 27231 296290584    37327  1269760        0           300 chrome
[  27346]  1000 27346 296277932    10214   974848        0           300 chrome
[  27440]  1000 27440 296545614     9379   946176        0           300 chrome
[  29091]  1000 29091 296280686    10620   921600        0           300 chrome
[  29146]  1000 29146 296280580    26210  1212416        0           300 chrome
[  29256]  1000 29256 296287455    12231  1064960        0           300 chrome
[  29367]  1000 29367 296286164    15256  1081344        0           300 chrome
[  29424]  1000 29424 296280083    11095   983040        0           300 chrome
[  29650]  1000 29650 296284330    18974  1159168        0           300 chrome
[  29771]  1000 29771 296279769     9414   905216        0           300 chrome
[  29830]  1000 29830 296279298     5751   811008        0           300 chrome
[  29849]  1000 29849 296280398    20940  1122304        0           300 chrome
[  29862]  1000 29862 296539649    39848  1171456        0           300 chrome
[  31118]  1000 31118 296281389    12687  1011712        0           300 chrome
[   1973]  1000  1973 296280416    10697   950272        0           300 chrome
[   4091]     0  4091    93165    17959   229376        0             0 ebuild
[   9695]     0  9695    57604     1777    73728        0             0 python3.10
[   9697]     0  9697    57604     1786    73728        0             0 python3.10
[   9712]   250  9712      616      391    40960        0             0 sandbox
[   9713]   250  9713    57147     1792    73728        0             0 bash
[   9780]   250  9780    57134     1783    65536        0             0 bash
[   1344]  1000  1344 296299212    63718  2142208        0           300 chrome
[   3373]  1000  3373 296284602    25226  1335296        0           300 chrome
[   3679]  1000  3679 296279334     6099   823296        0           300 chrome
[   7637]  1000  7637 296279335     5939   823296        0           300 chrome
[   8947]  1000  8947 296541698    14896   970752        0           300 chrome
[  27432]  1000 27432 296277825    14433   974848        0           300 chrome
[   2863]  1000  2863 296282778    15954  1138688        0           300 chrome
[   2879]  1000  2879 296280072    23069  1183744        0           300 chrome
[   3263]  1000  3263 296277349     7988   909312        0           300 chrome
[   9392]     0  9392      783      480    49152        0             0 i7z
[  17751]  1000 17751 296262695     5420   704512        0           300 chrome
[  26271]   250 26271   145993   139621  1212416        0             0 ninja
[  12173]  1000 12173 296264952     4758   696320        0           300 chrome
[  14307]  1000 14307   709986   278938  2801664        0             0 ffmpeg
[  15216]  1000 15216 296254499     5375   679936        0           300 chrome
[  15238]  1000 15238 296262795     6862   757760        0           300 chrome
[  15298]  1000 15298 296262695     5345   696320        0           300 chrome
[  15342]  1000 15342 296258597     5328   684032        0           300 chrome
[  15357]  1000 15357 296256548     5677   770048        0           300 chrome
[  15378]  1000 15378 296254499     5332   675840        0           300 chrome
[  15401]  1000 15401 296256548     5423   761856        0           300 chrome
[  15426]  1000 15426 296254499     5665   696320        0           300 chrome
[  15439]  1000 15439 296254499     5381   679936        0           300 chrome
[  15591]  1000 15591 296242168     4989   589824        0           300 chrome
[  25341]  1000 25341  8668572    12775  1204224        0           200 chrome
[  13555]   250 13555   310166   259789  2490368        0             0 x86_64-pc-linux
[  13579]   250 13579   306873   256689  2469888        0             0 x86_64-pc-linux
[  13585]   250 13585   301897   251793  2424832        0             0 x86_64-pc-linux
[  13586]   250 13586   303341   253460  2449408        0             0 x86_64-pc-linux
[  13592]   250 13592   298879   247935  2404352        0             0 x86_64-pc-linux
[  13593]   250 13593   299909   249612  2420736        0             0 x86_64-pc-linux
[  13594]   250 13594   285883   235222  2293760        0             0 x86_64-pc-linux
[  13608]   250 13608   285907   235943  2306048        0             0 x86_64-pc-linux
[  13609]   250 13609   280411   229807  2248704        0             0 x86_64-pc-linux
[  13615]   250 13615   279133   228010  2228224        0             0 x86_64-pc-linux
[  13616]   250 13616   280289   229440  2252800        0             0 x86_64-pc-linux
[  13623]   250 13623   280310   229252  2232320        0             0 x86_64-pc-linux
[  13631]   250 13631   282965   232257  2269184        0             0 x86_64-pc-linux
[  13641]   250 13641   268994   218599  2150400        0             0 x86_64-pc-linux
[  13648]   250 13648   258774   208371  2068480        0             0 x86_64-pc-linux
[  13649]   250 13649   262165   211829  2101248        0             0 x86_64-pc-linux
[  13708]   250 13708   225210   173777  1806336        0             0 x86_64-pc-linux
[  pid  ]   uid  tgid total_vm      rss pgtables_bytes swapents oom_score_adj name
[   2511]     0  2511     4825      880    57344        0             0 systemd-udevd
[   3510]     0  3510     2490      131    53248        0             0 syslog-ng
[   3511]     0  3511   127745      840   110592        0             0 syslog-ng
[   3546]     0  3546     1703      144    40960        0         -1000 sshd
[   3610]   101  3610     1485      376    49152        0             0 dbus-daemon
[   3638]     0  3638     3838      349    69632        0             0 iwd
[   3725]     0  3725   115462     2212   118784        0             0 NetworkManager
[   3764]     0  3764    78093      838   106496        0             0 ModemManager
[   3781]   102  3781    57977      312    81920        0             0 polkitd
[   3861]     0  3861     1588      366    49152        0             0 bluetoothd
[   3994]     0  3994     9262      273    77824        0             0 elogind-daemon
[   4062]     0  4062    55563      368    53248        0             0 crond
[   4094]     0  4094    57765      660    73728        0             0 cupsd
[   4129]   998  4129    68405     2256   122880        0             0 colord
[   4201]     0  4201     7139     3478    98304        0             0 slim
[   4206]     0  4206  6542653    35476   823296        0             0 X
[   4241]     0  4241    18313     1949    61440        0             0 ntpd
[   4275]   997  4275  1215817     7146   651264        0             0 zabbix_agent2
[   4318]     0  4318    55322      177    49152        0             0 agetty
[   4319]     0  4319    55322      177    53248        0             0 agetty
[   4320]     0  4320    55322      194    45056        0             0 agetty
[   4321]     0  4321    55322      177    53248        0             0 agetty
[   4322]     0  4322    55322      192    53248        0             0 agetty
[   4323]     0  4323    55322      193    53248        0             0 agetty
[   4393]  1000  4393    55755      455    65536        0             0 sh
[   4436]  1000  4436     1096      312    49152        0             0 dbus-launch
[   4438]  1000  4438     1207      376    45056        0             0 dbus-daemon
[   4441]  1000  4441    58170     1238    90112        0             0 imsettings-daem
[   4445]  1000  4445   112957     1091    98304        0             0 gvfsd
[   4450]  1000  4450    94805     1000   102400        0             0 gvfsd-fuse
[   4554]  1000  4554    76235      456    86016        0             0 at-spi-bus-laun
[   4559]  1000  4559     1274      464    49152        0             0 dbus-daemon
[   4564]  1000  4564     1096      330    45056        0             0 dbus-launch
[   4565]  1000  4565     1494      640    49152        0             0 dbus-daemon
[   4566]  1000  4566   124288     2066   196608        0             0 xfce4-session
[   4580]  1000  4580   112990      917   102400        0             0 gvfsd
[   4595]  1000  4595    39394      911    69632        0             0 at-spi2-registr
[   4598]  1000  4598   133070     2478   200704        0             0 xfce4-screensav
[   4605]  1000  4605     1441      191    49152        0             0 ssh-agent
[   4610]  1000  4610   148006     1316   102400        0             0 gpg-agent
[   4611]  1000  4611   453196    11710   688128        0             0 xfwm4
[   4655]  1000  4655   134550     3987   217088        0             0 xfsettingsd
[   4660]  1000  4660   208265     7819   352256        0             0 xfce4-panel
[   4664]  1000  4664   199498    10156   323584        0             0 Thunar
[   4674]  1000  4674   185686     7728   286720        0             0 xfdesktop
[   4677]  1000  4677   164377     5138   233472        0             0 panel-19-netloa
[   4678]  1000  4678   164374     5135   237568        0             0 panel-18-netloa
[   4679]  1000  4679   127518     6289   225280        0             0 panel-15-cpugra
[   4680]  1000  4680   200232     6163   266240        0             0 panel-20-cpufre
[   4681]  1000  4681   165026     5667   245760        0             0 panel-16-system
[   4682]  1000  4682   214018     7769   311296        0             0 panel-17-weathe
[   4683]  1000  4683   181288     5488   237568        0             0 panel-6-systray
[   4684]  1000  4684   123573     1948   180224        0             0 panel-21-xfce4-
[   4685]  1000  4685   182375     4538   241664        0             0 panel-8-pulseau
[   4686]  1000  4686   165260     5363   237568        0             0 panel-9-power-m
[   4687]  1000  4687   193032     4748   282624        0             0 panel-10-notifi
[   4706]  1000  4706   905578    38180  1277952        0             0 nextcloud
[   4710]  1000  4710   123525     1958   188416        0             0 xfce4-power-man
[   4718]  1000  4718   176141     7693   290816        0             0 panel-12-xkb
[   4719]  1000  4719   162275     5075   237568        0             0 panel-7-datetim
[   4720]  1000  4720   162696     4423   229376        0             0 panel-14-action
[   4722]     0  4722    57532      551    73728        0             0 upowerd
[   4745]  1000  4745   131265      962   110592        0             0 gvfs-udisks2-vo
[   4749]     0  4749    97136     1542   118784        0             0 udisksd
[   4764]  1000  4764   112555     1610    94208        0             0 gvfs-gphoto2-vo
[   4769]  1000  4769   112065     1063    98304        0             0 gvfs-mtp-volume
[   4806]  1000  4806   131545      765   110592        0             0 gvfsd-trash
[   4812]  1000  4812    93721     1552    86016        0             0 gvfsd-metadata
[   4823]  1000  4823   166464     6470   253952        0             0 xfce4-clipman
[   4830]  1000  4830   123598     1746   184320        0             0 polkit-gnome-au
[   4834]  1000  4834   211935     1266   151552        0             0 xiccd
[   4836]  1000  4836   470627     8999   696320        0             0 iwgtk
[   4839]  1000  4839   210311     6862   294912        0             0 xfce4-notifyd
[   4851]  1000  4851   112875      759    94208        0             0 imsettings-daem
[   4852]  1000  4852   201640     4043   258048        0             0 nm-applet
[   4857]  1000  4857   117958     1688   135168        0             0 wireplumber
[   4861]  1000  4861   167471     5851   262144        0             0 blueman-applet
[   4871]  1000  4871   111963     2903   143360        0             0 pipewire
[   4872]  1000  4872    62719     4991   110592        0             0 pipewire
[   4882]  1000  4882   140780     1652   188416        0             0 xfce4-volumed-p
[   5001]  1000  5001    38990     1186    65536        0             0 dconf-service
[   5002]  1000  5002   115281     1434   118784        0             0 imsettings-xim
[   5136]  1000  5136    11240      587    81920        0             0 obexd
[   5138]  1000  5138   128208     4988   221184        0             0 blueman-tray
[   5213]  1000  5213   150129     1169   118784        0             0 gnome-keyring-d
[   5288]  1000  5288   489731    10706   479232        0             0 xfce4-appfinder
[   5871]  1000  5871   221249    14396   397312        0             0 xfce4-terminal
[   5896]  1000  5896    55846      604    65536        0             0 bash
[   5966]  1000  5966    74463      566    69632        0             0 scdaemon
[   6165]  1000  6165    55536      539    53248        0             0 su
[   6188]     0  6188    55876      649    61440        0             0 bash
[   6323]  1000  6323    55846      607    57344        0             0 bash
[   6532]  1000  6532    55846      568    65536        0             0 bash
[   6609]  1000  6609    56452     1238    69632        0             0 ssh
[   7034]  1000  7034    55846      552    61440        0             0 bash
[   8532]  1000  8532    57025     1673    73728        0             0 ssh
[   8668]  1000  8668 294113471    37720  1245184        0             0 signal-desktop
[   8671]  1000  8671  8497644     2580   348160        0             0 signal-desktop
[   8672]  1000  8672  8497642     2591   360448        0             0 signal-desktop
[   8674]  1000  8674  8497642     2231   188416        0             0 signal-desktop
[   8726]  1000  8726  8617565    13043   909312        0           200 signal-desktop
[   8751]  1000  8751  8514058     2717   417792        0             0 signal-desktop
[   8791]  1000  8791 296090340    60452  1634304        0             0 signal-desktop
[   8842]  1000  8842  8531689     2789   442368        0             0 signal-desktop
[   9005]  1000  9005  8627048    49730  1724416        0             0 chrome
[   9008]  1000  9008  8394461      717    81920        0             0 chrome_crashpad
[   9012]  1000  9012  8541834     3644   479232        0             0 chrome
[   9013]  1000  9013  8392406      148    81920        0             0 chrome_crashpad
[   9015]  1000  9015  8541831     3369   466944        0             0 chrome
[   9022]  1000  9022  8541838     3262   229376        0             0 chrome
[   9053]  1000  9053  8557467     9741   720896        0           200 chrome
[   9065]  1000  9065  8554234     5464   503808        0           200 chrome
[   9145]  1000  9145 296277247     6360   860160        0           300 chrome
[   9182]  1000  9182 296277283     6265   827392        0           300 chrome
[   9203]  1000  9203 296281092    30560  1249280        0           300 chrome
[   9220]  1000  9220 296279948     8593   888832        0           300 chrome
[   9278]  1000  9278 296286748    20210  1097728        0           300 chrome
[   9308]  1000  9308 296280187     8302   901120        0           300 chrome
[   9347]  1000  9347  8569938     3762   557056        0           200 chrome
[   9447]  1000  9447 296280951    11041  1007616        0           300 chrome
[   9467]  1000  9467 296279597     7405   880640        0           300 chrome
[   9491]  1000  9491  8630474    67678  1761280        0             0 chrome
[   9495]  1000  9495    55349      118    61440        0             0 cat
[   9496]  1000  9496    55349      129    57344        0             0 cat
[   9497]  1000  9497 296547567    11396  1019904        0           300 chrome
[   9513]  1000  9513  8393881      506    65536        0             0 chrome_crashpad
[   9517]  1000  9517  8391828      164    57344        0             0 chrome_crashpad
[   9521]  1000  9521  8516060     3275   409600        0             0 chrome
[   9522]  1000  9522  8516059     3155   413696        0             0 chrome
[   9523]  1000  9523  8390818      578    65536        0             0 nacl_helper
[   9526]  1000  9526  8516065     2944   262144        0             0 chrome
[   9544]  1000  9544 296280325     7683   884736        0           300 chrome
[   9572]  1000  9572  8676136    30273  1863680        0           200 chrome
[   9573]  1000  9573  8552929    10506   712704        0           200 chrome
[   9585]  1000  9585  8529483     4774   552960        0           200 chrome
[   9617]  1000  9617    76202      470    81920        0             0 at-spi-bus-laun
[   9659]  1000  9659  8560202    23249   593920        0           200 chrome
[   9698]  1000  9698 296286463    63304  1794048        0           300 chrome
[   9720]  1000  9720 296284186    28309  1355776        0           300 chrome
[   9724]  1000  9724 296568857    43287  1822720        0           300 chrome
[   9733]  1000  9733 296277746    15209   978944        0           300 chrome
[   9833]  1000  9833 296280485    11117   937984        0           300 chrome
[   9862]  1000  9862 296280416    10224   917504        0           300 chrome
[   9913]  1000  9913 296279885    18278  1167360        0           300 chrome
[   9947]  1000  9947 296279544    10396   917504        0           300 chrome
[   9990]  1000  9990 296292541    32576  1155072        0           300 chrome
[  10004]  1000 10004 296281760    20748  1048576        0           300 chrome
[  10031]  1000 10031 296279544    10206   909312        0           300 chrome
[  10107]  1000 10107 296280165    16519  1105920        0           300 chrome
[  10134]  1000 10134 296284744    24196  1048576        0           300 chrome
[  10153]  1000 10153 296280182    21088  1044480        0           300 chrome
[  10175]  1000 10175  8549405     3473   524288        0           200 chrome
[  10260]  1000 10260 296284752    24008  1118208        0           300 chrome
[  10290]  1000 10290 296285087    28726  1101824        0           300 chrome
[  10304]  1000 10304 296291360    28816  1179648        0           300 chrome
[  10421]  1000 10421 296285374    29677  1089536        0           300 chrome
[  10500]  1000 10500 296291065    28776  1122304        0           300 chrome
[  10607]  1000 10607 296286014    29861  1175552        0           300 chrome
[  11924]  1000 11924 28307580   260206  3694592        0             0 java
[  12536]  1000 12536    55846      593    57344        0             0 bash
[  12917]  1000 12917    55788      459    61440        0             0 debug-ib-gatewa
[  12918]  1000 12918  4485030   977916  9351168        0             0 java
[  14028]  1000 14028 296279512    16182  1728512        0           300 chrome
[  20326]  1000 20326 296279769     7964   884736        0           300 chrome
[  20387]  1000 20387 296279511     8296   884736        0           300 chrome
[  20428]  1000 20428 296279511     9559   913408        0           300 chrome
[  20506]  1000 20506 296279769    10140   929792        0           300 chrome
[  20534]  1000 20534 296279511     7502   864256        0           300 chrome
[  21769]  1000 21769    55882      610    61440        0             0 bash
[  21660]  1000 21660    55846      567    53248        0             0 bash
[  21845]  1000 21845    55536      538    53248        0             0 su
[  21874]     0 21874    55847      618    57344        0             0 bash
[   4901]  1000  4901 296279884     7614   868352        0           300 chrome
[  19121]  1000 19121    55846      596    57344        0             0 bash
[  26831]  1000 26831 296279955    20387  1146880        0           300 chrome
[  27231]  1000 27231 296288535    37322  1265664        0           300 chrome
[  27346]  1000 27346 296277932    10215   974848        0           300 chrome
[  27440]  1000 27440 296545614     9208   946176        0           300 chrome
[  29091]  1000 29091 296280686    10631   921600        0           300 chrome
[  29146]  1000 29146 296280580    26156  1212416        0           300 chrome
[  29256]  1000 29256 296287455    12232  1064960        0           300 chrome
[  29367]  1000 29367 296286164    15256  1081344        0           300 chrome
[  29424]  1000 29424 296280083    11115   983040        0           300 chrome
[  29650]  1000 29650 296284330    18875  1159168        0           300 chrome
[  29771]  1000 29771 296279769     9328   905216        0           300 chrome
[  29830]  1000 29830 296279298     5752   811008        0           300 chrome
[  29849]  1000 29849 296280398    20969  1122304        0           300 chrome
[  29862]  1000 29862 296539649    39848  1171456        0           300 chrome
[  31118]  1000 31118 296281389    12845  1011712        0           300 chrome
[   1973]  1000  1973 296280416    10697   950272        0           300 chrome
[   4091]     0  4091    93165    17959   229376        0             0 ebuild
[   9695]     0  9695    57604     1777    73728        0             0 python3.10
[   9697]     0  9697    57604     1786    73728        0             0 python3.10
[   9712]   250  9712      616      391    40960        0             0 sandbox
[   9713]   250  9713    57147     1792    73728        0             0 bash
[   9780]   250  9780    57134     1783    65536        0             0 bash
[   1344]  1000  1344 296299212    63683  2142208        0           300 chrome
[   3373]  1000  3373 296284602    25100  1335296        0           300 chrome
[   3679]  1000  3679 296279334     6049   823296        0           300 chrome
[   7637]  1000  7637 296279335     5907   823296        0           300 chrome
[   8947]  1000  8947 296541698    14720   970752        0           300 chrome
[  27432]  1000 27432 296277825    14319   974848        0           300 chrome
[   2863]  1000  2863 296282778    15598  1138688        0           300 chrome
[   2879]  1000  2879 296280072    23031  1183744        0           300 chrome
[   3263]  1000  3263 296277349     7727   909312        0           300 chrome
[   9392]     0  9392      783      480    49152        0             0 i7z
[  17751]  1000 17751 296262695     5442   704512        0           300 chrome
[  26271]   250 26271   145993   139621  1212416        0             0 ninja
[  12173]  1000 12173 296264952     4782   696320        0           300 chrome
[  14307]  1000 14307   709986   278949  2801664        0             0 ffmpeg
[  15216]  1000 15216 296254499     5396   679936        0           300 chrome
[  15238]  1000 15238 296262795     6885   757760        0           300 chrome
[  15298]  1000 15298 296262695     5369   696320        0           300 chrome
[  15342]  1000 15342 296258597     5352   684032        0           300 chrome
[  15357]  1000 15357 296256548     5679   770048        0           300 chrome
[  15378]  1000 15378 296254499     5354   675840        0           300 chrome
[  15401]  1000 15401 296256548     5445   761856        0           300 chrome
[  15426]  1000 15426 296254499     5689   696320        0           300 chrome
[  15439]  1000 15439 296254499     5399   679936        0           300 chrome
[  15591]  1000 15591 296242168     5008   589824        0           300 chrome
[  25341]  1000 25341  8668572    12507  1204224        0           200 chrome
[  13555]   250 13555   314064   263453  2510848        0             0 x86_64-pc-linux
[  13579]   250 13579   311861   261747  2519040        0             0 x86_64-pc-linux
[  13585]   250 13585   307875   257600  2482176        0             0 x86_64-pc-linux
[  13586]   250 13586   308953   258676  2498560        0             0 x86_64-pc-linux
[  13592]   250 13592   302774   252667  2445312        0             0 x86_64-pc-linux
[  13593]   250 13593   301299   250936  2428928        0             0 x86_64-pc-linux
[  13594]   250 13594   291483   240829  2334720        0             0 x86_64-pc-linux
[  13608]   250 13608   291453   240847  2355200        0             0 x86_64-pc-linux
[  13609]   250 13609   284099   233359  2277376        0             0 x86_64-pc-linux
[  13615]   250 13615   281687   231157  2252800        0             0 x86_64-pc-linux
[  13616]   250 13616   283712   233414  2277376        0             0 x86_64-pc-linux
[  13623]   250 13623   283973   232907  2265088        0             0 x86_64-pc-linux
[  13631]   250 13631   286849   236566  2301952        0             0 x86_64-pc-linux
[  13641]   250 13641   276190   225903  2211840        0             0 x86_64-pc-linux
[  13648]   250 13648   266155   215145  2125824        0             0 x86_64-pc-linux
[  13649]   250 13649   265836   215646  2129920        0             0 x86_64-pc-linux
[  13708]   250 13708   231357   179921  1855488        0             0 x86_64-pc-linux
[  13892]     0 13892    55563      363    53248        0             0 crond
[  13896]     0 13896      266        1    20480        0             0 bash
[  pid  ]   uid  tgid total_vm      rss pgtables_bytes swapents oom_score_adj name
[   2511]     0  2511     4825      915    57344        0             0 systemd-udevd
[   3510]     0  3510     2490      131    53248        0             0 syslog-ng
[   3511]     0  3511   127745      772   110592        0             0 syslog-ng
[   3546]     0  3546     1703      144    40960        0         -1000 sshd
[   3610]   101  3610     1485      365    49152        0             0 dbus-daemon
[   3638]     0  3638     3838      372    69632        0             0 iwd
[   3725]     0  3725   115462     2365   118784        0             0 NetworkManager
[   3764]     0  3764    78093      838   106496        0             0 ModemManager
[   3781]   102  3781    57977      357    81920        0             0 polkitd
[   3861]     0  3861     1749      379    53248        0             0 bluetoothd
[   3994]     0  3994     9262      273    77824        0             0 elogind-daemon
[   4062]     0  4062    55563      469    53248        0             0 crond
[   4094]     0  4094    57765      723    73728        0             0 cupsd
[   4129]   998  4129    68405     2256   122880        0             0 colord
[   4201]     0  4201     7139     3478    98304        0             0 slim
[   4206]     0  4206  6542653    35575   823296        0             0 X
[   4241]     0  4241    18313     1949    61440        0             0 ntpd
[   4275]   997  4275  1215817     7474   651264        0             0 zabbix_agent2
[   4318]     0  4318    55322      177    49152        0             0 agetty
[   4319]     0  4319    55322      177    53248        0             0 agetty
[   4320]     0  4320    55322      194    45056        0             0 agetty
[   4321]     0  4321    55322      177    53248        0             0 agetty
[   4322]     0  4322    55322      192    53248        0             0 agetty
[   4323]     0  4323    55322      193    53248        0             0 agetty
[   4393]  1000  4393    55755      455    65536        0             0 sh
[   4436]  1000  4436     1096      312    49152        0             0 dbus-launch
[   4438]  1000  4438     1207      376    45056        0             0 dbus-daemon
[   4441]  1000  4441    58170     1238    90112        0             0 imsettings-daem
[   4445]  1000  4445   112957     1091    98304        0             0 gvfsd
[   4450]  1000  4450    94805     1000   102400        0             0 gvfsd-fuse
[   4554]  1000  4554    76235      456    86016        0             0 at-spi-bus-laun
[   4559]  1000  4559     1274      464    49152        0             0 dbus-daemon
[   4564]  1000  4564     1096      330    45056        0             0 dbus-launch
[   4565]  1000  4565     1494      453    49152        0             0 dbus-daemon
[   4566]  1000  4566   124288     2066   196608        0             0 xfce4-session
[   4580]  1000  4580   112990      917   102400        0             0 gvfsd
[   4595]  1000  4595    39394      911    69632        0             0 at-spi2-registr
[   4598]  1000  4598   133070     2636   200704        0             0 xfce4-screensav
[   4605]  1000  4605     1441      191    49152        0             0 ssh-agent
[   4610]  1000  4610   148006     1259   102400        0             0 gpg-agent
[   4611]  1000  4611   453196    11802   688128        0             0 xfwm4
[   4655]  1000  4655   134550     4139   217088        0             0 xfsettingsd
[   4660]  1000  4660   208265     7497   352256        0             0 xfce4-panel
[   4664]  1000  4664   199498    10288   323584        0             0 Thunar
[   4674]  1000  4674   185686     7608   286720        0             0 xfdesktop
[   4677]  1000  4677   164377     5120   233472        0             0 panel-19-netloa
[   4678]  1000  4678   164374     5119   237568        0             0 panel-18-netloa
[   4679]  1000  4679   127518     6355   225280        0             0 panel-15-cpugra
[   4680]  1000  4680   200232     6192   266240        0             0 panel-20-cpufre
[   4681]  1000  4681   165026     5564   245760        0             0 panel-16-system
[   4682]  1000  4682   214018     7641   311296        0             0 panel-17-weathe
[   4683]  1000  4683   181288     5488   237568        0             0 panel-6-systray
[   4684]  1000  4684   123573     1948   180224        0             0 panel-21-xfce4-
[   4685]  1000  4685   182375     4481   241664        0             0 panel-8-pulseau
[   4686]  1000  4686   165260     5023   237568        0             0 panel-9-power-m
[   4687]  1000  4687   193032     4748   282624        0             0 panel-10-notifi
[   4706]  1000  4706   905578    38064  1277952        0             0 nextcloud
[   4710]  1000  4710   123525     1958   188416        0             0 xfce4-power-man
[   4718]  1000  4718   176141     7693   290816        0             0 panel-12-xkb
[   4719]  1000  4719   162275     5000   237568        0             0 panel-7-datetim
[   4720]  1000  4720   162696     4423   229376        0             0 panel-14-action
[   4722]     0  4722    57532      315    73728        0             0 upowerd
[   4745]  1000  4745   131265      962   110592        0             0 gvfs-udisks2-vo
[   4749]     0  4749   115569     1780   126976        0             0 udisksd
[   4764]  1000  4764   112555     1610    94208        0             0 gvfs-gphoto2-vo
[   4769]  1000  4769   112065     1063    98304        0             0 gvfs-mtp-volume
[   4806]  1000  4806   131545      765   110592        0             0 gvfsd-trash
[   4812]  1000  4812    93721     1552    86016        0             0 gvfsd-metadata
[   4823]  1000  4823   166464     6470   253952        0             0 xfce4-clipman
[   4830]  1000  4830   123598     1746   184320        0             0 polkit-gnome-au
[   4834]  1000  4834   211935     1266   151552        0             0 xiccd
[   4836]  1000  4836   470627     8787   696320        0             0 iwgtk
[   4839]  1000  4839   210311     6862   294912        0             0 xfce4-notifyd
[   4851]  1000  4851   112875      759    94208        0             0 imsettings-daem
[   4852]  1000  4852   201640     4043   258048        0             0 nm-applet
[   4857]  1000  4857   117958     1688   135168        0             0 wireplumber
[   4861]  1000  4861   167471     5718   262144        0             0 blueman-applet
[   4871]  1000  4871   111963     2903   143360        0             0 pipewire
[   4872]  1000  4872    62719     4991   110592        0             0 pipewire
[   4882]  1000  4882   140780     1652   188416        0             0 xfce4-volumed-p
[   5001]  1000  5001    38990     1186    65536        0             0 dconf-service
[   5002]  1000  5002   115281     1434   118784        0             0 imsettings-xim
[   5136]  1000  5136    11240      587    81920        0             0 obexd
[   5138]  1000  5138   128208     4843   221184        0             0 blueman-tray
[   5213]  1000  5213   150129     1169   118784        0             0 gnome-keyring-d
[   5288]  1000  5288   489731    10896   479232        0             0 xfce4-appfinder
[   5871]  1000  5871   221249    14436   397312        0             0 xfce4-terminal
[   5896]  1000  5896    55846      604    65536        0             0 bash
[   5966]  1000  5966    74463      566    69632        0             0 scdaemon
[   6165]  1000  6165    55536      539    53248        0             0 su
[   6188]     0  6188    55876      649    61440        0             0 bash
[   6323]  1000  6323    55846      607    57344        0             0 bash
[   6532]  1000  6532    55846      568    65536        0             0 bash
[   6609]  1000  6609    56452     1238    69632        0             0 ssh
[   7034]  1000  7034    55846      552    61440        0             0 bash
[   8532]  1000  8532    57025     1673    73728        0             0 ssh
[   8668]  1000  8668 294113471    37654  1245184        0             0 signal-desktop
[   8671]  1000  8671  8497644     2580   348160        0             0 signal-desktop
[   8672]  1000  8672  8497642     2591   360448        0             0 signal-desktop
[   8674]  1000  8674  8497642     2231   188416        0             0 signal-desktop
[   8726]  1000  8726  8617565    13276   909312        0           200 signal-desktop
[   8751]  1000  8751  8514058     2717   417792        0             0 signal-desktop
[   8791]  1000  8791 296090340    59177  1634304        0             0 signal-desktop
[   8842]  1000  8842  8531689     2789   442368        0             0 signal-desktop
[   9005]  1000  9005  8631146    49744  1724416        0             0 chrome
[   9008]  1000  9008  8394461      717    81920        0             0 chrome_crashpad
[   9012]  1000  9012  8541834     3644   479232        0             0 chrome
[   9013]  1000  9013  8392406      148    81920        0             0 chrome_crashpad
[   9015]  1000  9015  8541831     3369   466944        0             0 chrome
[   9022]  1000  9022  8541838     3262   229376        0             0 chrome
[   9053]  1000  9053  8557467     9741   720896        0           200 chrome
[   9065]  1000  9065  8554234     5464   503808        0           200 chrome
[   9145]  1000  9145 296277247     6360   860160        0           300 chrome
[   9182]  1000  9182 296277283     6265   827392        0           300 chrome
[   9203]  1000  9203 296281092    30560  1249280        0           300 chrome
[   9220]  1000  9220 296279948     8593   888832        0           300 chrome
[   9278]  1000  9278 296286748    20210  1097728        0           300 chrome
[   9308]  1000  9308 296280187     8302   901120        0           300 chrome
[   9347]  1000  9347  8569938     3762   557056        0           200 chrome
[   9447]  1000  9447 296280951    11041  1007616        0           300 chrome
[   9467]  1000  9467 296279597     7405   880640        0           300 chrome
[   9491]  1000  9491  8630474    67693  1761280        0             0 chrome
[   9495]  1000  9495    55349      118    61440        0             0 cat
[   9496]  1000  9496    55349      129    57344        0             0 cat
[   9497]  1000  9497 296547567    11396  1019904        0           300 chrome
[   9513]  1000  9513  8393881      389    65536        0             0 chrome_crashpad
[   9517]  1000  9517  8391828      164    57344        0             0 chrome_crashpad
[   9521]  1000  9521  8516060     3275   409600        0             0 chrome
[   9522]  1000  9522  8516059     3155   413696        0             0 chrome
[   9523]  1000  9523  8390818      578    65536        0             0 nacl_helper
[   9526]  1000  9526  8516065     2875   262144        0             0 chrome
[   9544]  1000  9544 296280325     7683   884736        0           300 chrome
[   9572]  1000  9572  8676136    30255  1863680        0           200 chrome
[   9573]  1000  9573  8552929    10301   712704        0           200 chrome
[   9585]  1000  9585  8529483     4774   552960        0           200 chrome
[   9617]  1000  9617    76202      470    81920        0             0 at-spi-bus-laun
[   9659]  1000  9659  8560202    23249   593920        0           200 chrome
[   9698]  1000  9698 296286463    63304  1794048        0           300 chrome
[   9720]  1000  9720 296284186    28309  1355776        0           300 chrome
[   9724]  1000  9724 296568857    43339  1822720        0           300 chrome
[   9733]  1000  9733 296277746    15210   978944        0           300 chrome
[   9833]  1000  9833 296280485    11117   937984        0           300 chrome
[   9862]  1000  9862 296280416    10224   917504        0           300 chrome
[   9913]  1000  9913 296279885    18278  1167360        0           300 chrome
[   9947]  1000  9947 296279544    10396   917504        0           300 chrome
[   9990]  1000  9990 296292541    32576  1155072        0           300 chrome
[  10004]  1000 10004 296281760    20777  1048576        0           300 chrome
[  10031]  1000 10031 296279544    10206   909312        0           300 chrome
[  10107]  1000 10107 296280165    16519  1105920        0           300 chrome
[  10134]  1000 10134 296284744    24196  1048576        0           300 chrome
[  10153]  1000 10153 296280182    21088  1044480        0           300 chrome
[  10175]  1000 10175  8549405     3501   524288        0           200 chrome
[  10260]  1000 10260 296284752    24008  1118208        0           300 chrome
[  10290]  1000 10290 296285087    28726  1101824        0           300 chrome
[  10304]  1000 10304 296291360    28817  1179648        0           300 chrome
[  10421]  1000 10421 296285374    29678  1089536        0           300 chrome
[  10500]  1000 10500 296291065    28655  1122304        0           300 chrome
[  10607]  1000 10607 296286014    29861  1175552        0           300 chrome
[  11924]  1000 11924 28307580   260223  3694592        0             0 java
[  12536]  1000 12536    55846      593    57344        0             0 bash
[  12917]  1000 12917    55788      459    61440        0             0 debug-ib-gatewa
[  12918]  1000 12918  4485030   978003  9351168        0             0 java
[  14028]  1000 14028 296279512    16182  1728512        0           300 chrome
[  20326]  1000 20326 296279769     7964   884736        0           300 chrome
[  20387]  1000 20387 296279511     8296   884736        0           300 chrome
[  20428]  1000 20428 296279511     9559   913408        0           300 chrome
[  20506]  1000 20506 296279769    10140   929792        0           300 chrome
[  20534]  1000 20534 296279511     7502   864256        0           300 chrome
[  21769]  1000 21769    55882      610    61440        0             0 bash
[  21660]  1000 21660    55846      567    53248        0             0 bash
[  21845]  1000 21845    55536      538    53248        0             0 su
[  21874]     0 21874    55847      618    57344        0             0 bash
[   4901]  1000  4901 296279884     7614   868352        0           300 chrome
[  19121]  1000 19121    55846      596    57344        0             0 bash
[  26831]  1000 26831 296279955    20543  1146880        0           300 chrome
[  27231]  1000 27231 296288535    37322  1265664        0           300 chrome
[  27346]  1000 27346 296277932    10215   974848        0           300 chrome
[  27440]  1000 27440 296545614     9359   946176        0           300 chrome
[  29091]  1000 29091 296280686    10631   921600        0           300 chrome
[  29146]  1000 29146 296280580    26156  1212416        0           300 chrome
[  29256]  1000 29256 296287455    12232  1064960        0           300 chrome
[  29367]  1000 29367 296286164    15256  1081344        0           300 chrome
[  29424]  1000 29424 296280083    11115   983040        0           300 chrome
[  29650]  1000 29650 296284330    18875  1159168        0           300 chrome
[  29771]  1000 29771 296279769     9333   905216        0           300 chrome
[  29830]  1000 29830 296279298     5752   811008        0           300 chrome
[  29849]  1000 29849 296280398    20969  1122304        0           300 chrome
[  29862]  1000 29862 296539649    39848  1171456        0           300 chrome
[  31118]  1000 31118 296281389    12687  1011712        0           300 chrome
[   1973]  1000  1973 296280416    10697   950272        0           300 chrome
[   4091]     0  4091    93165    17959   229376        0             0 ebuild
[   9695]     0  9695    57604     1777    73728        0             0 python3.10
[   9697]     0  9697    57604     1786    73728        0             0 python3.10
[   9712]   250  9712      616      391    40960        0             0 sandbox
[   9713]   250  9713    57147     1792    73728        0             0 bash
[   9780]   250  9780    57134     1783    65536        0             0 bash
[   3373]  1000  3373 296284602    24888  1335296        0           300 chrome
[   3679]  1000  3679 296279334     5939   823296        0           300 chrome
[   7637]  1000  7637 296279335     5988   823296        0           300 chrome
[   8947]  1000  8947 296541698    14719   970752        0           300 chrome
[  27432]  1000 27432 296277825    14327   974848        0           300 chrome
[   2863]  1000  2863 296282778    15599  1138688        0           300 chrome
[   2879]  1000  2879 296280072    22890  1183744        0           300 chrome
[   3263]  1000  3263 296277349     7804   909312        0           300 chrome
[   9392]     0  9392      783      528    49152        0             0 i7z
[  17751]  1000 17751 296262695     5442   704512        0           300 chrome
[  26271]   250 26271   145993   139621  1212416        0             0 ninja
[  12173]  1000 12173 296264952     4782   696320        0           300 chrome
[  14307]  1000 14307   709986   278972  2801664        0             0 ffmpeg
[  15216]  1000 15216 296254499     5396   679936        0           300 chrome
[  15238]  1000 15238 296262795     6904   757760        0           300 chrome
[  15298]  1000 15298 296262695     5369   696320        0           300 chrome
[  15342]  1000 15342 296258597     5352   684032        0           300 chrome
[  15357]  1000 15357 296256548     5680   770048        0           300 chrome
[  15378]  1000 15378 296254499     5354   675840        0           300 chrome
[  15401]  1000 15401 296256548     5445   761856        0           300 chrome
[  15426]  1000 15426 296254499     5689   696320        0           300 chrome
[  15439]  1000 15439 296254499     5399   679936        0           300 chrome
[  15591]  1000 15591 296242168     5008   589824        0           300 chrome
[  25341]  1000 25341  8668572    12619  1204224        0           200 chrome
[  13555]   250 13555   317364   266820  2535424        0             0 x86_64-pc-linux
[  13579]   250 13579   316223   265687  2551808        0             0 x86_64-pc-linux
[  13585]   250 13585   312815   261835  2519040        0             0 x86_64-pc-linux
[  13586]   250 13586   312817   262859  2531328        0             0 x86_64-pc-linux
[  13592]   250 13592   307094   256740  2478080        0             0 x86_64-pc-linux
[  13593]   250 13593   302452   251568  2433024        0             0 x86_64-pc-linux
[  13594]   250 13594   295118   244818  2367488        0             0 x86_64-pc-linux
[  13608]   250 13608   295097   245097  2375680        0             0 x86_64-pc-linux
[  13609]   250 13609   286822   236542  2301952        0             0 x86_64-pc-linux
[  13615]   250 13615   282974   232829  2265088        0             0 x86_64-pc-linux
[  13616]   250 13616   288096   237262  2318336        0             0 x86_64-pc-linux
[  13623]   250 13623   286651   235745  2289664        0             0 x86_64-pc-linux
[  13631]   250 13631   290340   239325  2322432        0             0 x86_64-pc-linux
[  13641]   250 13641   281964   230790  2256896        0             0 x86_64-pc-linux
[  13648]   250 13648   269845   219221  2162688        0             0 x86_64-pc-linux
[  13649]   250 13649   268188   216919  2146304        0             0 x86_64-pc-linux
[  13708]   250 13708   234969   183567  1884160        0             0 x86_64-pc-linux
[  13892]     0 13892    55563      363    53248        0             0 crond
[  13896]     0 13896    55754      230    61440        0             0 bash
[  13956]     0 13956    55563      427    53248        0             0 crond
[  13958]     0 13958    55754      178    61440        0             0 bash
[  14011]     0 14011    55563      199    53248        0             0 crond
[  pid  ]   uid  tgid total_vm      rss pgtables_bytes swapents oom_score_adj name
[   2511]     0  2511     4825      915    57344        0             0 systemd-udevd
[   3510]     0  3510     2490      131    53248        0             0 syslog-ng
[   3511]     0  3511   127745      490   110592        0             0 syslog-ng
[   3546]     0  3546     1703      144    40960        0         -1000 sshd
[   3610]   101  3610     1485      554    49152        0             0 dbus-daemon
[   3638]     0  3638     3838      304    69632        0             0 iwd
[   3725]     0  3725   115462     2193   118784        0             0 NetworkManager
[   3764]     0  3764    78093      838   106496        0             0 ModemManager
[   3781]   102  3781    57977      312    81920        0             0 polkitd
[   3861]     0  3861     1749      540    53248        0             0 bluetoothd
[   3994]     0  3994     9262      273    77824        0             0 elogind-daemon
[   4062]     0  4062    55563      461    53248        0             0 crond
[   4094]     0  4094    57765      756    73728        0             0 cupsd
[   4129]   998  4129    68405     2256   122880        0             0 colord
[   4201]     0  4201     7139     3478    98304        0             0 slim
[   4206]     0  4206  6542653    35623   823296        0             0 X
[   4241]     0  4241    18313     1949    61440        0             0 ntpd
[   4275]   997  4275  1215817     7232   651264        0             0 zabbix_agent2
[   4318]     0  4318    55322      177    49152        0             0 agetty
[   4319]     0  4319    55322      177    53248        0             0 agetty
[   4320]     0  4320    55322      194    45056        0             0 agetty
[   4321]     0  4321    55322      177    53248        0             0 agetty
[   4322]     0  4322    55322      192    53248        0             0 agetty
[   4323]     0  4323    55322      193    53248        0             0 agetty
[   4393]  1000  4393    55755      455    65536        0             0 sh
[   4436]  1000  4436     1096      312    49152        0             0 dbus-launch
[   4438]  1000  4438     1207      376    45056        0             0 dbus-daemon
[   4441]  1000  4441    58170     1238    90112        0             0 imsettings-daem
[   4445]  1000  4445   112957     1091    98304        0             0 gvfsd
[   4450]  1000  4450    94805     1000   102400        0             0 gvfsd-fuse
[   4554]  1000  4554    76235      456    86016        0             0 at-spi-bus-laun
[   4559]  1000  4559     1274      464    49152        0             0 dbus-daemon
[   4564]  1000  4564     1096      330    45056        0             0 dbus-launch
[   4565]  1000  4565     1494      492    49152        0             0 dbus-daemon
[   4566]  1000  4566   124288     2066   196608        0             0 xfce4-session
[   4580]  1000  4580   112990      917   102400        0             0 gvfsd
[   4595]  1000  4595    39394      911    69632        0             0 at-spi2-registr
[   4598]  1000  4598   133070     2636   200704        0             0 xfce4-screensav
[   4605]  1000  4605     1441      191    49152        0             0 ssh-agent
[   4610]  1000  4610   148006     1436   102400        0             0 gpg-agent
[   4611]  1000  4611   453196    11802   688128        0             0 xfwm4
[   4655]  1000  4655   134550     3966   217088        0             0 xfsettingsd
[   4660]  1000  4660   208265     7481   352256        0             0 xfce4-panel
[   4664]  1000  4664   199498    10098   323584        0             0 Thunar
[   4674]  1000  4674   185686     7645   286720        0             0 xfdesktop
[   4677]  1000  4677   164377     4813   233472        0             0 panel-19-netloa
[   4678]  1000  4678   164374     4715   237568        0             0 panel-18-netloa
[   4679]  1000  4679   127518     6269   225280        0             0 panel-15-cpugra
[   4680]  1000  4680   200232     5970   266240        0             0 panel-20-cpufre
[   4681]  1000  4681   165026     5551   245760        0             0 panel-16-system
[   4682]  1000  4682   214018     7547   311296        0             0 panel-17-weathe
[   4683]  1000  4683   181288     5049   237568        0             0 panel-6-systray
[   4684]  1000  4684   123573     1492   180224        0             0 panel-21-xfce4-
[   4685]  1000  4685   182375     4737   241664        0             0 panel-8-pulseau
[   4686]  1000  4686   165260     5579   237568        0             0 panel-9-power-m
[   4687]  1000  4687   193032     4595   282624        0             0 panel-10-notifi
[   4706]  1000  4706   905578    38131  1277952        0             0 nextcloud
[   4710]  1000  4710   123525     1958   188416        0             0 xfce4-power-man
[   4718]  1000  4718   176141     7347   290816        0             0 panel-12-xkb
[   4719]  1000  4719   162275     4765   237568        0             0 panel-7-datetim
[   4720]  1000  4720   162696     4115   229376        0             0 panel-14-action
[   4722]     0  4722    57532      653    73728        0             0 upowerd
[   4745]  1000  4745   131265      962   110592        0             0 gvfs-udisks2-vo
[   4749]     0  4749   115569     1728   126976        0             0 udisksd
[   4764]  1000  4764   112555     1610    94208        0             0 gvfs-gphoto2-vo
[   4769]  1000  4769   112065     1063    98304        0             0 gvfs-mtp-volume
[   4806]  1000  4806   131545      765   110592        0             0 gvfsd-trash
[   4812]  1000  4812    93721     1552    86016        0             0 gvfsd-metadata
[   4823]  1000  4823   166464     6347   253952        0             0 xfce4-clipman
[   4830]  1000  4830   123598     1746   184320        0             0 polkit-gnome-au
[   4834]  1000  4834   211935     1266   151552        0             0 xiccd
[   4836]  1000  4836   470627     8812   696320        0             0 iwgtk
[   4839]  1000  4839   210311     6862   294912        0             0 xfce4-notifyd
[   4851]  1000  4851   112875      759    94208        0             0 imsettings-daem
[   4852]  1000  4852   201640     4043   258048        0             0 nm-applet
[   4857]  1000  4857   117958     1727   135168        0             0 wireplumber
[   4861]  1000  4861   167471     5724   262144        0             0 blueman-applet
[   4871]  1000  4871   111963     2903   143360        0             0 pipewire
[   4872]  1000  4872    62719     4991   110592        0             0 pipewire
[   4882]  1000  4882   140780     1652   188416        0             0 xfce4-volumed-p
[   5001]  1000  5001    38990     1186    65536        0             0 dconf-service
[   5002]  1000  5002   115281     1434   118784        0             0 imsettings-xim
[   5136]  1000  5136    11240      587    81920        0             0 obexd
[   5138]  1000  5138   128208     4767   221184        0             0 blueman-tray
[   5213]  1000  5213   150129     1169   118784        0             0 gnome-keyring-d
[   5288]  1000  5288   489731    10665   479232        0             0 xfce4-appfinder
[   5871]  1000  5871   221249    14434   397312        0             0 xfce4-terminal
[   5896]  1000  5896    55846      604    65536        0             0 bash
[   5966]  1000  5966    74463      566    69632        0             0 scdaemon
[   6165]  1000  6165    55536      539    53248        0             0 su
[   6188]     0  6188    55876      649    61440        0             0 bash
[   6323]  1000  6323    55846      607    57344        0             0 bash
[   6532]  1000  6532    55846      568    65536        0             0 bash
[   6609]  1000  6609    56452     1238    69632        0             0 ssh
[   7034]  1000  7034    55846      552    61440        0             0 bash
[   8532]  1000  8532    57025     1673    73728        0             0 ssh
[   8668]  1000  8668 294113471    37689  1245184        0             0 signal-desktop
[   8671]  1000  8671  8497644     2580   348160        0             0 signal-desktop
[   8672]  1000  8672  8497642     2591   360448        0             0 signal-desktop
[   8674]  1000  8674  8497642     2231   188416        0             0 signal-desktop
[   8726]  1000  8726  8617565    13112   909312        0           200 signal-desktop
[   8751]  1000  8751  8514058     2717   417792        0             0 signal-desktop
[   8791]  1000  8791 296090340    59369  1634304        0             0 signal-desktop
[   8842]  1000  8842  8531689     2789   442368        0             0 signal-desktop
[   9005]  1000  9005  8635244    49769  1740800        0             0 chrome
[   9008]  1000  9008  8394461      717    81920        0             0 chrome_crashpad
[   9012]  1000  9012  8541834     3644   479232        0             0 chrome
[   9013]  1000  9013  8392406      148    81920        0             0 chrome_crashpad
[   9015]  1000  9015  8541831     3369   466944        0             0 chrome
[   9022]  1000  9022  8541838     3190   229376        0             0 chrome
[   9053]  1000  9053  8557467     9743   720896        0           200 chrome
[   9065]  1000  9065  8554234     5464   503808        0           200 chrome
[   9145]  1000  9145 296277247     6360   860160        0           300 chrome
[   9182]  1000  9182 296277283     6265   827392        0           300 chrome
[   9203]  1000  9203 296281092    30561  1249280        0           300 chrome
[   9220]  1000  9220 296279948     8594   888832        0           300 chrome
[   9278]  1000  9278 296286748    20268  1097728        0           300 chrome
[   9308]  1000  9308 296280187     8302   901120        0           300 chrome
[   9347]  1000  9347  8569938     3762   557056        0           200 chrome
[   9447]  1000  9447 296280951    11041  1007616        0           300 chrome
[   9467]  1000  9467 296279597     7405   880640        0           300 chrome
[   9491]  1000  9491  8630474    67810  1761280        0             0 chrome
[   9495]  1000  9495    55349      118    61440        0             0 cat
[   9496]  1000  9496    55349      129    57344        0             0 cat
[   9497]  1000  9497 296547567    11459  1019904        0           300 chrome
[   9513]  1000  9513  8393881      408    65536        0             0 chrome_crashpad
[   9517]  1000  9517  8391828      164    57344        0             0 chrome_crashpad
[   9521]  1000  9521  8516060     3275   409600        0             0 chrome
[   9522]  1000  9522  8516059     3155   413696        0             0 chrome
[   9523]  1000  9523  8390818      578    65536        0             0 nacl_helper
[   9526]  1000  9526  8516065     2875   262144        0             0 chrome
[   9544]  1000  9544 296280325     7683   884736        0           300 chrome
[   9572]  1000  9572  8676136    30255  1863680        0           200 chrome
[   9573]  1000  9573  8552929    10229   712704        0           200 chrome
[   9585]  1000  9585  8529483     4775   552960        0           200 chrome
[   9617]  1000  9617    76202      470    81920        0             0 at-spi-bus-laun
[   9659]  1000  9659  8559178    23248   593920        0           200 chrome
[   9720]  1000  9720 296284186    28309  1355776        0           300 chrome
[   9724]  1000  9724 296568857    43384  1822720        0           300 chrome
[   9733]  1000  9733 296277746    15210   978944        0           300 chrome
[   9833]  1000  9833 296280485    11117   937984        0           300 chrome
[   9862]  1000  9862 296280416    10224   917504        0           300 chrome
[   9913]  1000  9913 296279885    18319  1167360        0           300 chrome
[   9947]  1000  9947 296279544    10396   917504        0           300 chrome
[   9990]  1000  9990 296292541    32576  1155072        0           300 chrome
[  10004]  1000 10004 296281760    20777  1048576        0           300 chrome
[  10031]  1000 10031 296279544    10206   909312        0           300 chrome
[  10107]  1000 10107 296280165    16519  1105920        0           300 chrome
[  10134]  1000 10134 296284744    24196  1048576        0           300 chrome
[  10153]  1000 10153 296280182    21088  1044480        0           300 chrome
[  10175]  1000 10175  8549405     3501   524288        0           200 chrome
[  10260]  1000 10260 296284752    24008  1118208        0           300 chrome
[  10290]  1000 10290 296285087    28726  1101824        0           300 chrome
[  10304]  1000 10304 296291360    28817  1179648        0           300 chrome
[  10421]  1000 10421 296285374    29678  1089536        0           300 chrome
[  10500]  1000 10500 296291065    28725  1122304        0           300 chrome
[  10607]  1000 10607 296286014    29861  1175552        0           300 chrome
[  11924]  1000 11924 28307580   260240  3694592        0             0 java
[  12536]  1000 12536    55846      593    57344        0             0 bash
[  12917]  1000 12917    55788      459    61440        0             0 debug-ib-gatewa
[  12918]  1000 12918  4485030   978015  9351168        0             0 java
[  14028]  1000 14028 296279512    16182  1728512        0           300 chrome
[  20326]  1000 20326 296279769     7964   884736        0           300 chrome
[  20387]  1000 20387 296279511     8296   884736        0           300 chrome
[  20428]  1000 20428 296279511     9559   913408        0           300 chrome
[  20506]  1000 20506 296279769    10140   929792        0           300 chrome
[  20534]  1000 20534 296279511     7502   864256        0           300 chrome
[  21769]  1000 21769    55882      610    61440        0             0 bash
[  21660]  1000 21660    55846      567    53248        0             0 bash
[  21845]  1000 21845    55536      538    53248        0             0 su
[  21874]     0 21874    55847      618    57344        0             0 bash
[   4901]  1000  4901 296279884     7614   868352        0           300 chrome
[  19121]  1000 19121    55846      596    57344        0             0 bash
[  26831]  1000 26831 296279955    20490  1146880        0           300 chrome
[  27231]  1000 27231 296288535    37322  1265664        0           300 chrome
[  27346]  1000 27346 296277932    10215   974848        0           300 chrome
[  27440]  1000 27440 296545614     9416   946176        0           300 chrome
[  29091]  1000 29091 296280686    10631   921600        0           300 chrome
[  29146]  1000 29146 296280580    26156  1212416        0           300 chrome
[  29256]  1000 29256 296287455    12232  1064960        0           300 chrome
[  29367]  1000 29367 296286164    15256  1081344        0           300 chrome
[  29424]  1000 29424 296280083    11115   983040        0           300 chrome
[  29650]  1000 29650 296284330    18875  1159168        0           300 chrome
[  29771]  1000 29771 296279769     9328   905216        0           300 chrome
[  29830]  1000 29830 296279298     5807   811008        0           300 chrome
[  29849]  1000 29849 296280398    20969  1122304        0           300 chrome
[  29862]  1000 29862 296539649    39848  1171456        0           300 chrome
[  31118]  1000 31118 296281389    12687  1011712        0           300 chrome
[   1973]  1000  1973 296280416    10697   950272        0           300 chrome
[   4091]     0  4091    93165    17959   229376        0             0 ebuild
[   9695]     0  9695    57604     1777    73728        0             0 python3.10
[   9697]     0  9697    57604     1786    73728        0             0 python3.10
[   9712]   250  9712      616      391    40960        0             0 sandbox
[   9713]   250  9713    57147     1792    73728        0             0 bash
[   9780]   250  9780    57134     1783    65536        0             0 bash
[   3373]  1000  3373 296284602    24999  1335296        0           300 chrome
[   3679]  1000  3679 296279334     5939   823296        0           300 chrome
[   7637]  1000  7637 296279335     5894   823296        0           300 chrome
[   8947]  1000  8947 296541698    14551   970752        0           300 chrome
[  27432]  1000 27432 296277825    14377   974848        0           300 chrome
[   2863]  1000  2863 296282778    15680  1138688        0           300 chrome
[   2879]  1000  2879 296280072    22949  1183744        0           300 chrome
[   3263]  1000  3263 296277349     7823   909312        0           300 chrome
[   9392]     0  9392      783      475    49152        0             0 i7z
[  17751]  1000 17751 296262695     5442   704512        0           300 chrome
[  26271]   250 26271   145993   139621  1212416        0             0 ninja
[  12173]  1000 12173 296264952     4782   696320        0           300 chrome
[  14307]  1000 14307   709986   278960  2801664        0             0 ffmpeg
[  15216]  1000 15216 296254499     5396   679936        0           300 chrome
[  15238]  1000 15238 296262795     6981   757760        0           300 chrome
[  15298]  1000 15298 296262695     5369   696320        0           300 chrome
[  15342]  1000 15342 296258597     5352   684032        0           300 chrome
[  15357]  1000 15357 296256548     5679   770048        0           300 chrome
[  15378]  1000 15378 296254499     5354   675840        0           300 chrome
[  15401]  1000 15401 296256548     5445   761856        0           300 chrome
[  15426]  1000 15426 296254499     5689   696320        0           300 chrome
[  15439]  1000 15439 296254499     5399   679936        0           300 chrome
[  15591]  1000 15591 296242168     5008   589824        0           300 chrome
[  25341]  1000 25341  8668572    12507  1204224        0           200 chrome
[  13555]   250 13555   321865   271848  2576384        0             0 x86_64-pc-linux
[  13579]   250 13579   320768   270068  2584576        0             0 x86_64-pc-linux
[  13585]   250 13585   317152   266697  2560000        0             0 x86_64-pc-linux
[  13586]   250 13586   318488   267727  2580480        0             0 x86_64-pc-linux
[  13592]   250 13592   309535   259547  2498560        0             0 x86_64-pc-linux
[  13593]   250 13593   302720   252332  2441216        0             0 x86_64-pc-linux
[  13594]   250 13594   300496   249650  2416640        0             0 x86_64-pc-linux
[  13608]   250 13608   300532   249992  2428928        0             0 x86_64-pc-linux
[  13609]   250 13609   290440   239973  2330624        0             0 x86_64-pc-linux
[  13615]   250 13615   286726   235956  2293760        0             0 x86_64-pc-linux
[  13616]   250 13616   290422   240200  2338816        0             0 x86_64-pc-linux
[  13623]   250 13623   290354   240058  2322432        0             0 x86_64-pc-linux
[  13631]   250 13631   293052   243029  2351104        0             0 x86_64-pc-linux
[  13641]   250 13641   282566   232092  2269184        0             0 x86_64-pc-linux
[  13648]   250 13648   271395   220696  2174976        0             0 x86_64-pc-linux
[  13649]   250 13649   268464   217486  2150400        0             0 x86_64-pc-linux
[  13708]   250 13708   239960   189041  1929216        0             0 x86_64-pc-linux
[  13892]     0 13892    55563      363    53248        0             0 crond
[  13896]     0 13896      604      250    40960        0             0 run-parts
[  13956]     0 13956    55563      427    53248        0             0 crond
[  13958]     0 13958      604      247    40960        0             0 run-parts
[  14011]     0 14011    55563      437    53248        0             0 crond
[  14022]     0 14022      604      233    40960        0             0 run-parts
[  14026]     0 14026    55754      193    65536        0             0 0anacron
[  14084]     0 14084    55754      361    57344        0             0 0anacron
[  14087]     0 14087    55563      428    53248        0             0 crond
[  14088]     0 14088    55563      425    53248        0             0 crond
[  14099]     0 14099      604      249    45056        0             0 run-parts
[  14142]     0 14142    55563      440    53248        0             0 crond
[  14147]     0 14147    55563      199    49152        0             0 crond
[  14168]     0 14168    55754      236    57344        0             0 0anacron
[  14199]     0 14199    55563      440    53248        0             0 crond
[  14202]     0 14202    55563      199    49152        0             0 crond
[  14206]     0 14206    55747       97    49152        0             0 0anacron
[  14242]     0 14242    55754       78    49152        0             0 0anacron
[  14243]     0 14243    55754      134    45056        0             0 0anacron
