[20001.638700] [   2822]  1000  2822   315625    39265   700416        0             0 kdeconnectd
[20001.638704] [   2824]  1000  2824   436715    42397   765952        0             0 DiscoverNotifie
[20001.638708] [   2829]  1000  2829   525927     1085   180224        0             0 pulseaudio
[20001.638711] [   2841]   133  2841    38454       68    61440        0             0 rtkit-daemon
[20001.638715] [   2870]  1000  2870   294067    39096   667648        0             0 msm_kde_notifie
[20001.638719] [   2930]  1000  2930   401119    41219  1003520        0             0 yakuake
[20001.638722] [   2931]  1000  2931    59207      221    90112        0             0 gsettings-helpe
[20001.638725] [   2985]  1000  2985   334330    39308   716800        0             0 pamac-tray-plas
[20001.638728] [   3105]  1000  3105    59034      236    98304        0             0 gvfsd
[20001.638732] [   3110]  1000  3110   113453      170   106496        0             0 gvfsd-fuse
[20001.638735] [   3180]  1000  3180    58302      111    77824        0             0 agent
[20001.638739] [   3187]  1000  3187   535469    10398   909312        0             0 megasync
[20001.638743] [   3200]  1000  3200   358907    44183   786432        0             0 firewall-applet
[20001.638746] [   3264]  1000  3264    76057      196    86016        0             0 at-spi-bus-laun
[20001.638748] [   3270]  1000  3270     3074      235    65536        0             0 dbus-daemon
[20001.638751] [   3272]  1000  3272    40218      226    73728        0             0 at-spi2-registr
[20001.638755] [   3298]  1000  3298     1935      211    49152        0             0 bash
[20001.638758] [   3437]     0  3437    59157      419    98304        0             0 accounts-daemon
[20001.638761] [   3836]  1000  3836    26901      946   176128        0             0 file.so
[20001.638764] [   4020]     0  4020    93912     8597   217088        0             0 fwupd
[20001.638768] [   4134]  1000  4134    39546      542   155648        0             0 kio_http_cache_
[20001.638771] [   4238]  1000  4238   237097      542   192512        0             0 xdg-desktop-por
[20001.638775] [   4242]  1000  4242   150349      161   131072        0             0 xdg-document-po
[20001.638778] [   4245]  1000  4245    57991      105    86016        0             0 xdg-permission-
[20001.638782] [   4250]  1000  4250      617       30    45056        0             0 fusermount
[20001.638785] [   4261]  1000  4261   310448    39061   679936        0             0 xdg-desktop-por
[20001.638789] [   4310]  1000  4310    22617      211    69632        0             0 pipewire
[20001.638792] [   7011]  1000  7011 67402928    39083   688128        0             0 baloorunner
[20001.638796] [  20447]     0 20447   487522     9131   376832        0             0 nordvpnd
[20001.638801] [  26031]  1000 26031    39656      153    73728        0             0 gvfsd-metadata
[20001.638805] [  32594]   140 32594    41118      305    90112        0             0 usbmuxd
[20001.638808] [  39695]  1000 39695   312460    39064   675840        0             0 kiod5
[20001.638812] [  52757]  1000 52757    87282      526   122880        0             0 gvfs-udisks2-vo
[20001.638816] [  52762]  1000 52762    67201      477   126976        0             0 gvfs-gphoto2-vo
[20001.638820] [  52861]  1000 52861    58067      190    86016        0             0 gvfs-mtp-volume
[20001.638823] [  52865]  1000 52865    78722      213   106496        0             0 gvfs-afc-volume
[20001.638827] [  52870]  1000 52870    77589      321    98304        0             0 gvfsd-trash
[20001.638830] [  52883]  1000 52883    96016      291   106496        0             0 gvfsd-network
[20001.638834] [  52895]  1000 52895    78079      234    98304        0             0 gvfsd-dnssd
[20001.638838] [  62269]  1000 62269    27045      952   176128        0             0 file.so
[20001.638842] [  79308]     0 79308     1483      217    49152        0             0 openvpn
[20001.638846] [  94310]  1000 94310   380361    36592   577536        0             0 pamac-manager
[20001.638850] [  94344]     0 94344    71688      542   143360        0             0 pamac-daemon
[20001.638854] [ 130173]  1000 130173 21737780    43827   905216        0             0 gnome-boxes
[20001.638858] [ 130191]  1000 130191   405825     2159   319488        0             0 libvirtd
[20001.638862] [ 146286]  1000 146286   203467    19690   401408        0             0 python3
[20001.638865] [ 146351]  1000 146351   791259    44907  1622016        0             0 firefox
[20001.638869] [ 146416]  1000 146416   720326    62118  1642496        0             0 Web Content
[20001.638873] [ 146470]  1000 146470   627165     6284   679936        0             0 WebExtensions
[20001.638877] [ 146521]  1000 146521   657421    36421  1015808        0             0 Privileged Cont
[20001.638880] [ 146564]  1000 146564   620374     4706   548864        0             0 Web Content
[20001.638884] [ 148442]  1000 148442  1408592   118363  1961984        0             0 plasma-discover
[20001.638889] [ 156587]  1000 156587   201912    41954  1232896        0             0 chrome
[20001.638892] [ 156593]  1000 156593     1375       21    49152        0             0 cat
[20001.638897] [ 156594]  1000 156594     1375       22    49152        0             0 cat
[20001.638901] [ 156597]  1000 156597    65441     2612   389120        0             0 chrome
[20001.638905] [ 156598]  1000 156598    65441     2619   405504        0             0 chrome
[20001.638909] [ 156599]  1000 156599     2659      145    73728        0             0 nacl_helper
[20001.638912] [ 156602]  1000 156602    65441     2621   245760        0             0 chrome
[20001.638916] [ 156625]  1000 156625   163958    17968  1069056        0           200 chrome
[20001.638919] [ 156627]  1000 156627    90601     7920   524288        0           200 chrome
[20001.638923] [ 156634]  1000 156634    77318     3756   376832        0           200 chrome
[20001.638927] [ 156717]  1000 156717  9538286     4894   724992        0           300 chrome
[20001.638930] [ 156741]  1000 156741  9550898    11836   876544        0           300 chrome
[20001.638934] [ 156755]  1000 156755  9533678     5238   700416        0           300 chrome
[20001.638938] [ 156776]  1000 156776  9540081     6468   741376        0           300 chrome
[20001.638941] [ 156782]  1000 156782  9539567     5672   757760        0           300 chrome
[20001.638945] [ 156794]  1000 156794  9533932     4686   688128        0           300 chrome
[20001.638949] [ 156808]  1000 156808  9531755     4429   675840        0           300 chrome
[20001.638952] [ 156828]  1000 156828  9544944    10540   876544        0           300 chrome
[20001.638955] [ 156849]  1000 156849 11654512    24450  1466368        0           300 chrome
[20001.638960] [ 157140]  1000 157140  9555565    18467  1069056        0           300 chrome
[20001.638963] [ 157229]  1000 157229  9543079     6831   778240        0           300 chrome
[20001.638967] [ 157250]  1000 157250  9538340     6184   749568        0           300 chrome
[20001.638971] [ 157456]  1000 157456 11670699    22893  1597440        0           300 chrome
[20001.638975] [ 159084]  1000 159084 12723485    32293  1564672        0           300 chrome
[20001.638978] [ 159245]  1000 159245  9546515    12674   856064        0           300 chrome
[20001.638982] [ 159359]  1000 159359  9539721    10863   802816        0           300 chrome
[20001.638985] [ 159394]  1000 159394  9542696     6783   757760        0           300 chrome
[20001.638989] [ 159423]  1000 159423  9539367    11803   802816        0           300 chrome
[20001.638993] [ 159424]  1000 159424  9538598     7819   745472        0           300 chrome
[20001.638996] [ 159445]  1000 159445  9538340     6145   749568        0           300 chrome
[20001.639000] [ 159489]  1000 159489  9538694     6789   749568        0           300 chrome
[20001.639004] [ 159551]  1000 159551  9538854     8872   786432        0           300 chrome
[20001.639007] [ 159557]  1000 159557  9538598     7581   749568        0           300 chrome
[20001.639011] [ 159595]  1000 159595  9538342     6170   729088        0           300 chrome
[20001.639015] [ 159608]  1000 159608  9538342     6194   745472        0           300 chrome
[20001.639019] [ 159613]  1000 159613  9538342     6205   729088        0           300 chrome
[20001.639022] [ 159627]  1000 159627  9538598     6877   753664        0           300 chrome
[20001.639026] [ 159653]  1000 159653  9539366     8920   798720        0           300 chrome
[20001.639029] [ 159658]  1000 159658  9538598     6980   729088        0           300 chrome
[20001.639032] [ 159686]  1000 159686  9542696     6797   729088        0           300 chrome
[20001.639036] [ 159690]  1000 159690  9542950     8385   765952        0           300 chrome
[20001.639039] [ 159737]  1000 159737  9538340     6026   720896        0           300 chrome
[20001.639043] [ 159780]  1000 159780  9540389     6378   753664        0           300 chrome
[20001.639046] [ 159808]  1000 159808  9538852     8091   782336        0           300 chrome
[20001.639050] [ 159815]  1000 159815  9538596     6984   741376        0           300 chrome
[20001.639054] [ 159869]  1000 159869  9538342     6105   724992        0           300 chrome
[20001.639057] [ 159927]  1000 159927  9538342     6105   724992        0           300 chrome
[20001.639061] [ 159949]  1000 159949  9538895     6303   741376        0           300 chrome
[20001.639064] [ 159956]  1000 159956  9538596     6297   749568        0           300 chrome
[20001.639068] [ 160050]  1000 160050  9538340     6241   741376        0           300 chrome
[20001.639071] [ 160088]  1000 160088  9538340     6164   729088        0           300 chrome
[20001.639075] [ 160188]  1000 160188  9538852     9141   782336        0           300 chrome
[20001.639079] [ 160201]  1000 160201  9542694     6737   745472        0           300 chrome
[20001.639083] [ 160422]  1000 160422    52428      449   131072        0             0 virtlogd
[20001.639086] [ 160426]  1000 160426  1352294   838940  7303168        0             0 qemu-system-x86
[20001.639090] [ 160597]  1000 160597  9533678     4891   700416        0           300 chrome
[20001.639094] [ 160878]  1000 160878    58071      129    86016        0             0 flatpak-session
[20001.639097] [ 160882]  1000 160882     1803       80    53248        0             0 p11-kit-server
[20001.639100] [ 160898]  1000 160898      614       24    45056        0             0 bwrap
[20001.639102] [ 160900]  1000 160900    20287       78    57344        0             0 xdg-dbus-proxy
[20001.639106] [ 160918]  1000 160918      614       24    40960        0             0 bwrap
[20001.639109] [ 160919]  1000 160919      614       37    40960        0             0 bwrap
[20001.639112] oom-kill:constraint=CONSTRAINT_NONE,nodemask=(null),cpuset=/,mems_allowed=0,global_oom,task_memcg=/user.slice/user-1000.slice/user@1000.service,task=chrome,pid=159084,uid=1000
[20001.639183] Out of memory: Killed process 159084 (chrome) total-vm:50893940kB, anon-rss:125868kB, file-rss:0kB, shmem-rss:3304kB, UID:1000 pgtables:1528kB oom_score_adj:300
[20001.654646] oom_reaper: reaped process 159084 (chrome), now anon-rss:0kB, file-rss:0kB, shmem-rss:2252kB
[20003.476187] nordvpnd invoked oom-killer: gfp_mask=0x100cca(GFP_HIGHUSER_MOVABLE), order=0, oom_score_adj=0
[20003.476195] CPU: 4 PID: 20456 Comm: nordvpnd Tainted: G        W  OE     5.12.0-1-MANJARO #1
[20003.476199] Hardware name: HP HP EliteBook 840 G6/8549, BIOS R70 Ver. 01.06.00 08/03/2020
[20003.476202] Call Trace:
[20003.476207]  dump_stack+0x76/0x94
[20003.476214]  dump_header+0x4a/0x1f7
[20003.476218]  oom_kill_process.cold+0xb/0x10
[20003.476223]  out_of_memory+0x126/0x4e0
[20003.476229]  __alloc_pages_slowpath.constprop.0+0xc63/0xd40
[20003.476237]  __alloc_pages_nodemask+0x365/0x3a0
[20003.476242]  pagecache_get_page+0x276/0x640
[20003.476247]  ? page_cache_ra_unbounded+0x13f/0x210
[20003.476253]  filemap_fault+0x6f2/0xa90
[20003.476259]  ext4_filemap_fault+0x2d/0x40 [ext4]
[20003.476309]  __do_fault+0x36/0x100
[20003.476315]  __handle_mm_fault+0x1018/0x16a0
[20003.476320]  handle_mm_fault+0xdb/0x2c0
[20003.476323]  do_user_addr_fault+0x1e0/0x790
[20003.476329]  exc_page_fault+0x67/0x170
[20003.476335]  ? asm_exc_page_fault+0x8/0x30
[20003.476338]  asm_exc_page_fault+0x1e/0x30
[20003.476342] RIP: 0033:0x55d99611b1c0
[20003.476348] Code: Unable to access opcode bytes at RIP 0x55d99611b196.
[20003.476350] RSP: 002b:000000c00068b728 EFLAGS: 00010246
[20003.476354] RAX: 00000000000000f0 RBX: 000055d996fb8f10 RCX: 000055d996fb8f10
[20003.476357] RDX: 0000000000000000 RSI: 0000000000000001 RDI: 000000c00068b728
[20003.476359] RBP: 000000c00068b778 R08: 000055d9975bece0 R09: 000055d996fb8f3b
[20003.476361] R10: 000055d996ec9040 R11: 00000000005d49a2 R12: 00000000000000f1
[20003.476364] R13: 0014141414141414 R14: 000055d996be1fce R15: 0000000000000038
[20003.476369] Mem-Info:
[20003.476372] active_anon:726204 inactive_anon:1765537 isolated_anon:0
                active_file:182 inactive_file:164 isolated_file:0
                unevictable:214353 dirty:0 writeback:0
                slab_reclaimable:25770 slab_unreclaimable:60481
                mapped:44036 shmem:317520 pagetables:19016 bounce:0
                free:41976 free_pcp:1083 free_cma:0
[20003.476379] Node 0 active_anon:2904816kB inactive_anon:7062148kB active_file:728kB inactive_file:656kB unevictable:857412kB isolated(anon):0kB isolated(file):0kB mapped:176144kB dirty:0kB writeback:0kB shmem:1270080kB shmem_thp: 0kB shmem_pmdmapped: 0kB anon_thp: 63488kB writeback_tmp:0kB kernel_stack:24080kB pagetables:76064kB all_unreclaimable? no
[20003.476387] Node 0 DMA free:13848kB min:92kB low:112kB high:132kB reserved_highatomic:0KB active_anon:0kB inactive_anon:0kB active_file:0kB inactive_file:0kB unevictable:0kB writepending:0kB present:15992kB managed:15896kB mlocked:0kB bounce:0kB free_pcp:0kB local_pcp:0kB free_cma:0kB
[20003.476395] lowmem_reserve[]: 0 2316 11281 11281 11281
[20003.476402] Node 0 DMA32 free:49584kB min:13852kB low:17312kB high:20772kB reserved_highatomic:0KB active_anon:744860kB inactive_anon:1369336kB active_file:860kB inactive_file:1460kB unevictable:147324kB writepending:0kB present:2448048kB managed:2382344kB mlocked:0kB bounce:0kB free_pcp:4084kB local_pcp:560kB free_cma:0kB
[20003.476411] lowmem_reserve[]: 0 0 8965 8965 8965
[20003.476417] Node 0 Normal free:104472kB min:170208kB low:183616kB high:197024kB reserved_highatomic:2048KB active_anon:2159956kB inactive_anon:5692644kB active_file:1636kB inactive_file:1396kB unevictable:710088kB writepending:0kB present:9428992kB managed:9187564kB mlocked:96kB bounce:0kB free_pcp:248kB local_pcp:28kB free_cma:0kB
[20003.476425] lowmem_reserve[]: 0 0 0 0 0
[20003.476432] Node 0 DMA: 2*4kB (U) 2*8kB (U) 0*16kB 2*32kB (U) 3*64kB (U) 2*128kB (U) 0*256kB 0*512kB 1*1024kB (U) 2*2048kB (UM) 2*4096kB (M) = 13848kB
[20003.476458] Node 0 DMA32: 376*4kB (UME) 798*8kB (UME) 729*16kB (UE) 418*32kB (UME) 143*64kB (UME) 41*128kB (UME) 6*256kB (UME) 0*512kB 0*1024kB 0*2048kB 0*4096kB = 48864kB
[20003.476482] Node 0 Normal: 7308*4kB (UMEH) 3523*8kB (UMEH) 1862*16kB (UMEH) 560*32kB (UMEH) 12*64kB (MEH) 1*128kB (E) 1*256kB (H) 0*512kB 0*1024kB 0*2048kB 0*4096kB = 106280kB
[20003.476507] Node 0 hugepages_total=0 hugepages_free=0 hugepages_surp=0 hugepages_size=1048576kB
[20003.476510] Node 0 hugepages_total=0 hugepages_free=0 hugepages_surp=0 hugepages_size=2048kB
[20003.476513] 317886 total pagecache pages
[20003.476514] 0 pages in swap cache
[20003.476516] Swap cache stats: add 0, delete 0, find 0/0
[20003.476518] Free swap  = 0kB
[20003.476519] Total swap = 0kB
[20003.476521] 2973258 pages RAM
[20003.476522] 0 pages HighMem/MovableOnly
[20003.476523] 76807 pages reserved
[20003.476524] 0 pages cma reserved
[20003.476525] 0 pages hwpoisoned
[20003.476526] Tasks state (memory values in pages):
[20003.476528] [  pid  ]   uid  tgid total_vm      rss pgtables_bytes swapents oom_score_adj name
[20003.476537] [    255]     0   255    47553      777   389120        0          -250 systemd-journal
[20003.476542] [    280]     0   280     7857      826    86016        0         -1000 systemd-udevd
[20003.476552] [   1215]   979  1215    22386      211    77824        0             0 systemd-timesyn
[20003.476556] [   1357]   974  1357     3056      196    65536        0             0 avahi-daemon
[20003.476560] [   1360]     0  1360     2919      193    65536        0             0 bluetoothd
[20003.476564] [   1362]     0  1362     1704       90    57344        0             0 crond
[20003.476568] [   1365]    81  1365     3781      801    65536        0          -900 dbus-daemon
[20003.476571] [   1372]     0  1372   102422     1944   163840        0             0 NetworkManager
[20003.476575] [   1377]   102  1377   681623     2022   258048        0             0 polkitd
[20003.476579] [   1378]     0  1378   459332     3727   307200        0          -900 snapd
[20003.476583] [   1383]     0  1383    77362      265   114688        0             0 systemd-logind
[20003.476586] [   1390]   974  1390     2987      169    65536        0             0 avahi-daemon
[20003.476590] [   1443]     0  1443     7760      502    98304        0             0 cupsd
[20003.476594] [   1449]     0  1449     1433       59    49152        0             0 snapdaemon
[20003.476597] [   1459]     0  1459    14756     8692   151552        0             0 main.exe
[20003.476601] [   1460]     0  1460     6103       90    57344        0             0 tpm_server
[20003.476605] [   1464]     0  1464      657        9    45056        0             0 tpm2-abrmd-star
[20003.476609] [   1554]     0  1554    35040      375   139264        0             0 sddm
[20003.476612] [   1574]     0  1574    78608      426   102400        0             0 ModemManager
[20003.476616] [   1640]     0  1640   175791    24510   450560        0             0 Xorg
[20003.476620] [   1750]     0  1750      657       10    45056        0             0 sh
[20003.476623] [   1751]     0  1751   133412      169   122880        0             0 tpm2-abrmd
[20003.476627] [   1802]     0  1802     5739     2252    81920        0             0 python3
[20003.476630] [   1981]     0  1981     3864      386    65536        0             0 wpa_supplicant
[20003.476634] [   2220]     0  2220    16155      464   126976        0             0 sddm-helper
[20003.476637] [   2237]  1000  2237     4134      539    73728        0             0 systemd
[20003.476641] [   2247]  1000  2247     5317      835    81920        0             0 (sd-pam)
[20003.476645] [   2335]  1000  2335   164224      892   237568        0             0 appimagelaunche
[20003.476649] [   2342]  1000  2342   399414    40645   946176        0             0 kwalletd5
[20003.476652] [   2343]  1000  2343    35593      525   122880        0             0 startplasma-x11
[20003.476656] [   2389]  1000  2389     3348      519    69632        0             0 dbus-daemon
[20003.476659] [   2498]  1000  2498      571       24    36864        0             0 start_kdeinit
[20003.476663] [   2510]  1000  2510    26827      941   184320        0             0 kdeinit5
[20003.476666] [   2566]  1000  2566    69661     1334   249856        0             0 klauncher
[20003.476670] [   2588]  1000  2588   434678    44115  1048576        0             0 kded5
[20003.476673] [   2640]  1000  2640  1213584    54069  1884160        0             0 kwin_x11
[20003.476677] [   2646]  1000  2646    38790      163    61440        0             0 dconf-service
[20003.476680] [   2691]  1000  2691    69917     1767   249856        0             0 kglobalaccel5
[20003.476684] [   2696]     0  2696    99194      835   131072        0             0 udisksd
[20003.476687] [   2705]     0  2705    62776      515   114688        0             0 upowerd
[20003.476691] [   2738]  1000  2738   135828     1407   245760        0             0 kactivitymanage
[20003.476694] [   2745]  1000  2745    54581      600   155648        0             0 kscreen_backend
[20003.476697] [   2747]  1000  2747    11437      172    77824        0             0 obexd
[20003.476700] [   2758]  1000  2758   294867    39162   688128        0             0 ksmserver
[20003.476704] [   2797]  1000  2797    56351      638   159744        0             0 xembedsniproxy
[20003.476707] [   2805]  1000  2805  1411244   151716  2469888        0             0 plasmashell
[20003.476710] [   2807]  1000  2807   363010    40937   925696        0             0 polkit-kde-auth
[20003.476714] [   2809]  1000  2809   223447     1533   290816        0             0 org_kde_powerde
[20003.476718] [   2811]  1000  2811   294716    39106   671744        0             0 kaccess
[20003.476721] [   2819]  1000  2819    56555      634   163840        0             0 gmenudbusmenupr
[20003.476725] [   2822]  1000  2822   315625    39265   700416        0             0 kdeconnectd
[20003.476728] [   2824]  1000  2824   436715    42397   765952        0             0 DiscoverNotifie
[20003.476732] [   2829]  1000  2829   525927     1085   180224        0             0 pulseaudio
[20003.476735] [   2841]   133  2841    38454       68    61440        0             0 rtkit-daemon
[20003.476739] [   2870]  1000  2870   294067    39096   667648        0             0 msm_kde_notifie
[20003.476742] [   2930]  1000  2930   401119    41219  1003520        0             0 yakuake
[20003.476745] [   2931]  1000  2931    59207      221    90112        0             0 gsettings-helpe
[20003.476749] [   2985]  1000  2985   334330    39308   716800        0             0 pamac-tray-plas
[20003.476753] [   3105]  1000  3105    59034      236    98304        0             0 gvfsd
[20003.476756] [   3110]  1000  3110   113453      170   106496        0             0 gvfsd-fuse
[20003.476760] [   3180]  1000  3180    58302      111    77824        0             0 agent
[20003.476764] [   3187]  1000  3187   535469    10398   909312        0             0 megasync
[20003.476768] [   3200]  1000  3200   358907    44183   786432        0             0 firewall-applet
[20003.476772] [   3264]  1000  3264    76057      196    86016        0             0 at-spi-bus-laun
[20003.476776] [   3270]  1000  3270     3074      235    65536        0             0 dbus-daemon
[20003.476779] [   3272]  1000  3272    40218      226    73728        0             0 at-spi2-registr
[20003.476782] [   3298]  1000  3298     1935      211    49152        0             0 bash
[20003.476786] [   3437]     0  3437    59157      422    98304        0             0 accounts-daemon
[20003.476789] [   3836]  1000  3836    26901      946   176128        0             0 file.so
[20003.476793] [   4020]     0  4020    93912     8597   217088        0             0 fwupd
[20003.476797] [   4134]  1000  4134    39546      542   155648        0             0 kio_http_cache_
[20003.476800] [   4238]  1000  4238   237097      542   192512        0             0 xdg-desktop-por
[20003.476804] [   4242]  1000  4242   150349      161   131072        0             0 xdg-document-po
[20003.476807] [   4245]  1000  4245    57991      105    86016        0             0 xdg-permission-
[20003.476810] [   4250]  1000  4250      617       30    45056        0             0 fusermount
[20003.476814] [   4261]  1000  4261   310448    39061   679936        0             0 xdg-desktop-por
[20003.476817] [   4310]  1000  4310    22617      211    69632        0             0 pipewire
[20003.476821] [   7011]  1000  7011 67402928    39083   688128        0             0 baloorunner
[20003.476825] [  20447]     0 20447   487522     9182   376832        0             0 nordvpnd
[20003.476829] [  26031]  1000 26031    39656      153    73728        0             0 gvfsd-metadata
[20003.476833] [  32594]   140 32594    41118      305    90112        0             0 usbmuxd
[20003.476837] [  39695]  1000 39695   312460    39064   675840        0             0 kiod5
[20003.476840] [  52757]  1000 52757    87282      526   122880        0             0 gvfs-udisks2-vo
[20003.476844] [  52762]  1000 52762    67201      477   126976        0             0 gvfs-gphoto2-vo
[20003.476846] [  52861]  1000 52861    58067      190    86016        0             0 gvfs-mtp-volume
[20003.476849] [  52865]  1000 52865    78722      213   106496        0             0 gvfs-afc-volume
[20003.476852] [  52870]  1000 52870    77589      321    98304        0             0 gvfsd-trash
[20003.476856] [  52883]  1000 52883    96016      291   106496        0             0 gvfsd-network
[20003.476858] [  52895]  1000 52895    78079      234    98304        0             0 gvfsd-dnssd
[20003.476861] [  62269]  1000 62269    27045      952   176128        0             0 file.so
[20003.476864] [  79308]     0 79308     1483      217    49152        0             0 openvpn
[20003.476867] [  94310]  1000 94310   380361    36592   577536        0             0 pamac-manager
[20003.476871] [  94344]     0 94344    71688      542   143360        0             0 pamac-daemon
[20003.476875] [ 130173]  1000 130173 21737052    43306   901120        0             0 gnome-boxes
[20003.476879] [ 130191]  1000 130191   405825     2159   319488        0             0 libvirtd
[20003.476882] [ 146286]  1000 146286   203467    19690   401408        0             0 python3
[20003.476891] [ 146351]  1000 146351   791259    44927  1622016        0             0 firefox
[20003.476894] [ 146416]  1000 146416   720326    62120  1642496        0             0 Web Content
[20003.476898] [ 146470]  1000 146470   627165     6285   679936        0             0 WebExtensions
[20003.476901] [ 146521]  1000 146521   657421    36421  1015808        0             0 Privileged Cont
[20003.476904] [ 146564]  1000 146564   620374     4706   548864        0             0 Web Content
[20003.476908] [ 148442]  1000 148442  1408588   118363  1961984        0             0 plasma-discover
[20003.476912] [ 156587]  1000 156587   202937    42011  1232896        0             0 chrome
[20003.476915] [ 156593]  1000 156593     1375       21    49152        0             0 cat
[20003.476918] [ 156594]  1000 156594     1375       22    49152        0             0 cat
[20003.476921] [ 156597]  1000 156597    65441     2612   389120        0             0 chrome
[20003.476925] [ 156598]  1000 156598    65441     2619   405504        0             0 chrome
[20003.476928] [ 156599]  1000 156599     2659      145    73728        0             0 nacl_helper
[20003.476932] [ 156602]  1000 156602    65441     2620   245760        0             0 chrome
[20003.476936] [ 156625]  1000 156625   163486    17504  1048576        0           200 chrome
[20003.476939] [ 156627]  1000 156627    90473     7932   520192        0           200 chrome
[20003.476943] [ 156634]  1000 156634    77318     3757   376832        0           200 chrome
[20003.476946] [ 156717]  1000 156717  9538286     4895   724992        0           300 chrome
[20003.476949] [ 156741]  1000 156741  9550898    11836   876544        0           300 chrome
[20003.476953] [ 156755]  1000 156755  9533678     5238   700416        0           300 chrome
[20003.476956] [ 156776]  1000 156776  9540081     6468   741376        0           300 chrome
[20003.476960] [ 156782]  1000 156782  9539567     5672   757760        0           300 chrome
[20003.476963] [ 156794]  1000 156794  9533932     4686   688128        0           300 chrome
[20003.476967] [ 156808]  1000 156808  9531755     4429   675840        0           300 chrome
[20003.476970] [ 156828]  1000 156828  9544944    10540   876544        0           300 chrome
[20003.476974] [ 156849]  1000 156849 11654512    24450  1466368        0           300 chrome
[20003.476978] [ 157140]  1000 157140  9558438    20477  1085440        0           300 chrome
[20003.476982] [ 157229]  1000 157229  9543079     6833   778240        0           300 chrome
[20003.476985] [ 157250]  1000 157250  9538340     6184   749568        0           300 chrome
[20003.476989] [ 157456]  1000 157456 11670699    22893  1597440        0           300 chrome
[20003.476994] [ 159245]  1000 159245  9546515    12674   856064        0           300 chrome
[20003.476998] [ 159359]  1000 159359  9539721    10863   802816        0           300 chrome
[20003.477001] [ 159394]  1000 159394  9542696     6783   757760        0           300 chrome
[20003.477005] [ 159423]  1000 159423  9539367    11803   802816        0           300 chrome
[20003.477009] [ 159424]  1000 159424  9538598     7819   745472        0           300 chrome
[20003.477012] [ 159445]  1000 159445  9538340     6145   749568        0           300 chrome
[20003.477015] [ 159489]  1000 159489  9538694     6789   749568        0           300 chrome
[20003.477018] [ 159551]  1000 159551  9538854     8872   786432        0           300 chrome
[20003.477022] [ 159557]  1000 159557  9538598     7581   749568        0           300 chrome
[20003.477024] [ 159595]  1000 159595  9538342     6170   729088        0           300 chrome
[20003.477027] [ 159608]  1000 159608  9538342     6194   745472        0           300 chrome
[20003.477030] [ 159613]  1000 159613  9538342     6205   729088        0           300 chrome
[20003.477032] [ 159627]  1000 159627  9538598     6877   753664        0           300 chrome
[20003.477036] [ 159653]  1000 159653  9539366     8920   798720        0           300 chrome
[20003.477039] [ 159658]  1000 159658  9538598     6980   729088        0           300 chrome
[20003.477042] [ 159686]  1000 159686  9542696     6797   729088        0           300 chrome
[20003.477046] [ 159690]  1000 159690  9542950     8385   765952        0           300 chrome
[20003.477050] [ 159737]  1000 159737  9538340     6026   720896        0           300 chrome
[20003.477053] [ 159780]  1000 159780  9540389     6379   753664        0           300 chrome
[20003.477057] [ 159808]  1000 159808  9538852     8091   782336        0           300 chrome
[20003.477061] [ 159815]  1000 159815  9538596     6984   741376        0           300 chrome
[20003.477065] [ 159869]  1000 159869  9538342     6105   724992        0           300 chrome
[20003.477068] [ 159927]  1000 159927  9538342     6105   724992        0           300 chrome
[20003.477072] [ 159949]  1000 159949  9538895     6363   741376        0           300 chrome
[20003.477075] [ 159956]  1000 159956  9538596     6297   749568        0           300 chrome
[20003.477079] [ 160050]  1000 160050  9538340     6241   741376        0           300 chrome
[20003.477082] [ 160088]  1000 160088  9538340     6164   729088        0           300 chrome
[20003.477085] [ 160188]  1000 160188  9538852     9141   782336        0           300 chrome
[20003.477088] [ 160201]  1000 160201  9542694     6737   745472        0           300 chrome
[20003.477092] [ 160422]  1000 160422    52428      449   131072        0             0 virtlogd
[20003.477095] [ 160426]  1000 160426  1352294   875250  7593984        0             0 qemu-system-x86
[20003.477099] [ 160597]  1000 160597  9533678     4891   700416        0           300 chrome
[20003.477103] [ 160878]  1000 160878    58071      129    86016        0             0 flatpak-session
[20003.477106] [ 160882]  1000 160882     1803       80    53248        0             0 p11-kit-server
[20003.477110] [ 160898]  1000 160898      614       24    45056        0             0 bwrap
[20003.477113] [ 160900]  1000 160900    20287       78    57344        0             0 xdg-dbus-proxy
[20003.477117] [ 160918]  1000 160918      614       24    40960        0             0 bwrap
[20003.477121] [ 160919]  1000 160919      614       44    40960        0             0 bwrap
[20003.477124] oom-kill:constraint=CONSTRAINT_NONE,nodemask=(null),cpuset=/,mems_allowed=0,global_oom,task_memcg=/user.slice/user-1000.slice/user@1000.service,task=chrome,pid=156849,uid=1000
[20003.477175] Out of memory: Killed process 156849 (chrome) total-vm:46618048kB, anon-rss:96968kB, file-rss:0kB, shmem-rss:832kB, UID:1000 pgtables:1432kB oom_score_adj:300
[20003.490722] oom_reaper: reaped process 156849 (chrome), now anon-rss:0kB, file-rss:0kB, shmem-rss:100kB
[20004.403985] usbmuxd invoked oom-killer: gfp_mask=0x100cca(GFP_HIGHUSER_MOVABLE), order=0, oom_score_adj=0
[20004.404025] CPU: 6 PID: 32594 Comm: usbmuxd Tainted: G        W  OE     5.12.0-1-MANJARO #1
[20004.404028] Hardware name: HP HP EliteBook 840 G6/8549, BIOS R70 Ver. 01.06.00 08/03/2020
[20004.404030] Call Trace:
[20004.404042]  dump_stack+0x76/0x94
[20004.404049]  dump_header+0x4a/0x1f7
[20004.404054]  oom_kill_process.cold+0xb/0x10
[20004.404058]  out_of_memory+0x126/0x4e0
[20004.404065]  __alloc_pages_slowpath.constprop.0+0xc63/0xd40
[20004.404073]  __alloc_pages_nodemask+0x365/0x3a0
[20004.404078]  pagecache_get_page+0x276/0x640
[20004.404082]  ? page_cache_ra_unbounded+0x13f/0x210
[20004.404090]  filemap_fault+0x6f2/0xa90
[20004.404094]  ? _raw_spin_unlock+0x16/0x30
[20004.404100]  ext4_filemap_fault+0x2d/0x40 [ext4]
[20004.404160]  __do_fault+0x36/0x100
[20004.404166]  __handle_mm_fault+0x1018/0x16a0
[20004.404172]  handle_mm_fault+0xdb/0x2c0
[20004.404176]  do_user_addr_fault+0x1e0/0x790
[20004.404181]  exc_page_fault+0x67/0x170
[20004.404186]  ? asm_exc_page_fault+0x8/0x30
[20004.404189]  asm_exc_page_fault+0x1e/0x30
[20004.404192] RIP: 0033:0x7f1113abb13a
[20004.404199] Code: Unable to access opcode bytes at RIP 0x7f1113abb110.
[20004.404201] RSP: 002b:00007ffcf9fec5d0 EFLAGS: 00010202
[20004.404204] RAX: 0000000000000000 RBX: 0000000000000003 RCX: 00007f111397637f
[20004.404206] RDX: 0000000000000000 RSI: 0000000000000003 RDI: 00007f1112f68c48
[20004.404208] RBP: 00007ffcf9fec670 R08: 0000000000000000 R09: 0000000000000001
[20004.404210] R10: 0000000000000012 R11: 0000000000000293 R12: 0000000000000001
[20004.404212] R13: 0000563a122cfee0 R14: 0000563a122dc5d0 R15: 0000000000000000
[20004.404216] Mem-Info:
[20004.404219] active_anon:791365 inactive_anon:1696618 isolated_anon:0
                active_file:120 inactive_file:111 isolated_file:0
                unevictable:218748 dirty:4 writeback:0
                slab_reclaimable:25723 slab_unreclaimable:60373
                mapped:42177 shmem:320269 pagetables:18721 bounce:0
                free:40844 free_pcp:1959 free_cma:0
[20004.404226] Node 0 active_anon:3165460kB inactive_anon:6786472kB active_file:480kB inactive_file:444kB unevictable:874992kB isolated(anon):0kB isolated(file):0kB mapped:168708kB dirty:16kB writeback:0kB shmem:1281076kB shmem_thp: 0kB shmem_pmdmapped: 0kB anon_thp: 63488kB writeback_tmp:0kB kernel_stack:23888kB pagetables:74884kB all_unreclaimable? no
[20004.404233] Node 0 DMA free:13848kB min:92kB low:112kB high:132kB reserved_highatomic:0KB active_anon:0kB inactive_anon:0kB active_file:0kB inactive_file:0kB unevictable:0kB writepending:0kB present:15992kB managed:15896kB mlocked:0kB bounce:0kB free_pcp:0kB local_pcp:0kB free_cma:0kB
[20004.404242] lowmem_reserve[]: 0 2316 11281 11281 11281
[20004.404250] Node 0 DMA32 free:50072kB min:13852kB low:17312kB high:20772kB reserved_highatomic:0KB active_anon:821896kB inactive_anon:1287476kB active_file:480kB inactive_file:520kB unevictable:153308kB writepending:0kB present:2448048kB managed:2382344kB mlocked:0kB bounce:0kB free_pcp:1332kB local_pcp:208kB free_cma:0kB
[20004.404259] lowmem_reserve[]: 0 0 8965 8965 8965
[20004.404266] Node 0 Normal free:99456kB min:98688kB low:112096kB high:125504kB reserved_highatomic:0KB active_anon:2343564kB inactive_anon:5498996kB active_file:52kB inactive_file:268kB unevictable:721684kB writepending:16kB present:9428992kB managed:9187564kB mlocked:96kB bounce:0kB free_pcp:6368kB local_pcp:1336kB free_cma:0kB
[20004.404275] lowmem_reserve[]: 0 0 0 0 0
[20004.404282] Node 0 DMA: 2*4kB (U) 2*8kB (U) 0*16kB 2*32kB (U) 3*64kB (U) 2*128kB (U) 0*256kB 0*512kB 1*1024kB (U) 2*2048kB (UM) 2*4096kB (M) = 13848kB
[20004.404307] Node 0 DMA32: 921*4kB (UME) 560*8kB (UME) 705*16kB (UME) 457*32kB (UME) 152*64kB (UME) 45*128kB (UME) 6*256kB (UME) 0*512kB 0*1024kB 0*2048kB 0*4096kB = 51092kB
[20004.404330] Node 0 Normal: 7426*4kB (UME) 2782*8kB (UME) 1850*16kB (UME) 564*32kB (UME) 7*64kB (UM) 1*128kB (M) 1*256kB (M) 0*512kB 0*1024kB 0*2048kB 0*4096kB = 100440kB
[20004.404355] Node 0 hugepages_total=0 hugepages_free=0 hugepages_surp=0 hugepages_size=1048576kB
[20004.404358] Node 0 hugepages_total=0 hugepages_free=0 hugepages_surp=0 hugepages_size=2048kB
[20004.404361] 320637 total pagecache pages
[20004.404362] 0 pages in swap cache
[20004.404364] Swap cache stats: add 0, delete 0, find 0/0
[20004.404366] Free swap  = 0kB
[20004.404367] Total swap = 0kB
[20004.404369] 2973258 pages RAM
[20004.404370] 0 pages HighMem/MovableOnly
[20004.404372] 76807 pages reserved
[20004.404373] 0 pages cma reserved
[20004.404374] 0 pages hwpoisoned
[20004.404375] Tasks state (memory values in pages):
[20004.404377] [  pid  ]   uid  tgid total_vm      rss pgtables_bytes swapents oom_score_adj name
[20004.404389] [    255]     0   255    47553      777   389120        0          -250 systemd-journal
[20004.404395] [    280]     0   280     7857      826    86016        0         -1000 systemd-udevd
[20004.404405] [   1215]   979  1215    22386      211    77824        0             0 systemd-timesyn
[20004.404409] [   1357]   974  1357     3056      196    65536        0             0 avahi-daemon
[20004.404413] [   1360]     0  1360     2919      193    65536        0             0 bluetoothd
[20004.404417] [   1362]     0  1362     1704       90    57344        0             0 crond
[20004.404420] [   1365]    81  1365     3781      801    65536        0          -900 dbus-daemon
[20004.404424] [   1372]     0  1372   102422     1944   163840        0             0 NetworkManager
[20004.404428] [   1377]   102  1377   681623     2022   258048        0             0 polkitd
[20004.404432] [   1378]     0  1378   459332     3727   307200        0          -900 snapd
[20004.404436] [   1383]     0  1383    77362      265   114688        0             0 systemd-logind
[20004.404440] [   1390]   974  1390     2987      169    65536        0             0 avahi-daemon
[20004.404443] [   1443]     0  1443     7760      502    98304        0             0 cupsd
[20004.404445] [   1449]     0  1449     1433       59    49152        0             0 snapdaemon
[20004.404448] [   1459]     0  1459    14756     8692   151552        0             0 main.exe
[20004.404451] [   1460]     0  1460     6103       90    57344        0             0 tpm_server
[20004.404454] [   1464]     0  1464      657        9    45056        0             0 tpm2-abrmd-star
[20004.404457] [   1554]     0  1554    35040      375   139264        0             0 sddm
[20004.404461] [   1574]     0  1574    78608      426   102400        0             0 ModemManager
[20004.404464] [   1640]     0  1640   175863    24532   450560        0             0 Xorg
[20004.404467] [   1750]     0  1750      657       10    45056        0             0 sh
[20004.404471] [   1751]     0  1751   133412      169   122880        0             0 tpm2-abrmd
[20004.404475] [   1802]     0  1802     5739     2252    81920        0             0 python3
[20004.404478] [   1981]     0  1981     3864      386    65536        0             0 wpa_supplicant
[20004.404481] [   2220]     0  2220    16155      464   126976        0             0 sddm-helper
[20004.404484] [   2237]  1000  2237     4134      539    73728        0             0 systemd
[20004.404487] [   2247]  1000  2247     5317      835    81920        0             0 (sd-pam)
[20004.404490] [   2335]  1000  2335   164224      892   237568        0             0 appimagelaunche
[20004.404493] [   2342]  1000  2342   399414    40645   946176        0             0 kwalletd5
[20004.404496] [   2343]  1000  2343    35593      525   122880        0             0 startplasma-x11
[20004.404499] [   2389]  1000  2389     3348      519    69632        0             0 dbus-daemon
[20004.404502] [   2498]  1000  2498      571       24    36864        0             0 start_kdeinit
[20004.404504] [   2510]  1000  2510    26827      941   184320        0             0 kdeinit5
[20004.404507] [   2566]  1000  2566    69661     1334   249856        0             0 klauncher
[20004.404511] [   2588]  1000  2588   434678    44115  1048576        0             0 kded5
[20004.404514] [   2640]  1000  2640  1213584    54069  1884160        0             0 kwin_x11
[20004.404517] [   2646]  1000  2646    38790      163    61440        0             0 dconf-service
[20004.404520] [   2691]  1000  2691    69917     1767   249856        0             0 kglobalaccel5
[20004.404523] [   2696]     0  2696    99194      835   131072        0             0 udisksd
[20004.404527] [   2705]     0  2705    62776      515   114688        0             0 upowerd
[20004.404530] [   2738]  1000  2738   135828     1407   245760        0             0 kactivitymanage
[20004.404534] [   2745]  1000  2745    54581      600   155648        0             0 kscreen_backend
[20004.404537] [   2747]  1000  2747    11437      172    77824        0             0 obexd
[20004.404541] [   2758]  1000  2758   294867    39162   688128        0             0 ksmserver
[20004.404545] [   2797]  1000  2797    56351      638   159744        0             0 xembedsniproxy
[20004.404548] [   2805]  1000  2805  1411244   151716  2469888        0             0 plasmashell
[20004.404552] [   2807]  1000  2807   363010    40937   925696        0             0 polkit-kde-auth
[20004.404555] [   2809]  1000  2809   223447     1533   290816        0             0 org_kde_powerde
[20004.404560] [   2811]  1000  2811   294716    39106   671744        0             0 kaccess
[20004.404564] [   2819]  1000  2819    56555      634   163840        0             0 gmenudbusmenupr
[20004.404567] [   2822]  1000  2822   315625    39304   700416        0             0 kdeconnectd
[20004.404571] [   2824]  1000  2824   436715    42406   765952        0             0 DiscoverNotifie
[20004.404575] [   2829]  1000  2829   525927     1085   180224        0             0 pulseaudio
[20004.404579] [   2841]   133  2841    38454       68    61440        0             0 rtkit-daemon
[20004.404582] [   2870]  1000  2870   294067    39096   667648        0             0 msm_kde_notifie
[20004.404586] [   2930]  1000  2930   401119    41219  1003520        0             0 yakuake
[20004.404590] [   2931]  1000  2931    59207      221    90112        0             0 gsettings-helpe
[20004.404594] [   2985]  1000  2985   334330    39308   716800        0             0 pamac-tray-plas
[20004.404598] [   3105]  1000  3105    59034      236    98304        0             0 gvfsd
[20004.404601] [   3110]  1000  3110   113453      170   106496        0             0 gvfsd-fuse
[20004.404604] [   3180]  1000  3180    58302      111    77824        0             0 agent
[20004.404608] [   3187]  1000  3187   535469    10402   909312        0             0 megasync
[20004.404612] [   3200]  1000  3200   358907    44183   786432        0             0 firewall-applet
[20004.404615] [   3264]  1000  3264    76057      196    86016        0             0 at-spi-bus-laun
[20004.404619] [   3270]  1000  3270     3074      235    65536        0             0 dbus-daemon
[20004.404623] [   3272]  1000  3272    40218      226    73728        0             0 at-spi2-registr
[20004.404626] [   3298]  1000  3298     1935      211    49152        0             0 bash
[20004.404630] [   3437]     0  3437    59157      422    98304        0             0 accounts-daemon
[20004.404633] [   3836]  1000  3836    26901      946   176128        0             0 file.so
[20004.404637] [   4020]     0  4020    93912     8597   217088        0             0 fwupd
[20004.404640] [   4134]  1000  4134    39546      542   155648        0             0 kio_http_cache_
[20004.404644] [   4238]  1000  4238   237097      542   192512        0             0 xdg-desktop-por
[20004.404647] [   4242]  1000  4242   150349      161   131072        0             0 xdg-document-po
[20004.404651] [   4245]  1000  4245    57991      105    86016        0             0 xdg-permission-
[20004.404655] [   4250]  1000  4250      617       30    45056        0             0 fusermount
[20004.404659] [   4261]  1000  4261   310448    39061   679936        0             0 xdg-desktop-por
[20004.404663] [   4310]  1000  4310    22617      211    69632        0             0 pipewire
[20004.404666] [   7011]  1000  7011 67402928    39083   688128        0             0 baloorunner
[20004.404671] [  20447]     0 20447   487522     9182   376832        0             0 nordvpnd
[20004.404675] [  26031]  1000 26031    39656      153    73728        0             0 gvfsd-metadata
[20004.404680] [  32594]   140 32594    41118      308    90112        0             0 usbmuxd
[20004.404684] [  39695]  1000 39695   312460    39064   675840        0             0 kiod5
[20004.404688] [  52757]  1000 52757    87282      526   122880        0             0 gvfs-udisks2-vo
[20004.404692] [  52762]  1000 52762    67201      477   126976        0             0 gvfs-gphoto2-vo
[20004.404696] [  52861]  1000 52861    58067      190    86016        0             0 gvfs-mtp-volume
[20004.404700] [  52865]  1000 52865    78722      213   106496        0             0 gvfs-afc-volume
[20004.404703] [  52870]  1000 52870    77589      321    98304        0             0 gvfsd-trash
[20004.404707] [  52883]  1000 52883    96016      291   106496        0             0 gvfsd-network
[20004.404711] [  52895]  1000 52895    78079      234    98304        0             0 gvfsd-dnssd
[20004.404715] [  62269]  1000 62269    27045      952   176128        0             0 file.so
[20004.404719] [  79308]     0 79308     1483      217    49152        0             0 openvpn
[20004.404723] [  94310]  1000 94310   380361    36592   577536        0             0 pamac-manager
[20004.404727] [  94344]     0 94344    71688      542   143360        0             0 pamac-daemon
[20004.404730] [ 130173]  1000 130173 21737052    43306   901120        0             0 gnome-boxes
[20004.404733] [ 130191]  1000 130191   405825     2159   319488        0             0 libvirtd
[20004.404737] [ 146286]  1000 146286   203467    19690   401408        0             0 python3
[20004.404740] [ 146351]  1000 146351   791259    44934  1622016        0             0 firefox
[20004.404742] [ 146416]  1000 146416   720326    62120  1642496        0             0 Web Content
[20004.404745] [ 146470]  1000 146470   627165     6285   679936        0             0 WebExtensions
[20004.404748] [ 146521]  1000 146521   657421    36421  1015808        0             0 Privileged Cont
[20004.404751] [ 146564]  1000 146564   620374     4710   548864        0             0 Web Content
[20004.404754] [ 148442]  1000 148442  1408588   118363  1961984        0             0 plasma-discover
[20004.404759] [ 156587]  1000 156587   202937    42021  1232896        0             0 chrome
[20004.404761] [ 156593]  1000 156593     1375       21    49152        0             0 cat
[20004.404764] [ 156594]  1000 156594     1375       22    49152        0             0 cat
[20004.404766] [ 156597]  1000 156597    65441     2612   389120        0             0 chrome
[20004.404768] [ 156598]  1000 156598    65441     2619   405504        0             0 chrome
[20004.404771] [ 156599]  1000 156599     2659      145    73728        0             0 nacl_helper
[20004.404773] [ 156602]  1000 156602    65441     2620   245760        0             0 chrome
[20004.404775] [ 156625]  1000 156625   167990    18064  1056768        0           200 chrome
[20004.404777] [ 156627]  1000 156627    90345     7928   516096        0           200 chrome
[20004.404780] [ 156634]  1000 156634    77318     3762   376832        0           200 chrome
[20004.404782] [ 156717]  1000 156717  9538286     4895   724992        0           300 chrome
[20004.404784] [ 156741]  1000 156741  9550898    11836   876544        0           300 chrome
[20004.404786] [ 156755]  1000 156755  9533678     5238   700416        0           300 chrome
[20004.404789] [ 156776]  1000 156776  9540081     6468   741376        0           300 chrome
[20004.404792] [ 156782]  1000 156782  9539567     5672   757760        0           300 chrome
[20004.404795] [ 156794]  1000 156794  9533932     4686   688128        0           300 chrome
[20004.404798] [ 156808]  1000 156808  9531755     4429   675840        0           300 chrome
[20004.404801] [ 156828]  1000 156828  9544944    10540   876544        0           300 chrome
[20004.404805] [ 157140]  1000 157140  9556134    18284  1073152        0           300 chrome
[20004.404808] [ 157229]  1000 157229  9543079     6833   778240        0           300 chrome
[20004.404812] [ 157250]  1000 157250  9538340     6184   749568        0           300 chrome
[20004.404816] [ 157456]  1000 157456 11670699    22893  1597440        0           300 chrome
[20004.404820] [ 159245]  1000 159245  9546515    12674   856064        0           300 chrome
[20004.404823] [ 159359]  1000 159359  9539721    10864   802816        0           300 chrome
[20004.404827] [ 159394]  1000 159394  9542696     6783   757760        0           300 chrome
[20004.404831] [ 159423]  1000 159423  9539367    11803   802816        0           300 chrome
[20004.404835] [ 159424]  1000 159424  9538598     7819   745472        0           300 chrome
[20004.404839] [ 159445]  1000 159445  9538340     6145   749568        0           300 chrome
[20004.404842] [ 159489]  1000 159489  9538694     6789   749568        0           300 chrome
[20004.404846] [ 159551]  1000 159551  9538854     8872   786432        0           300 chrome
[20004.404849] [ 159557]  1000 159557  9538598     7581   749568        0           300 chrome
[20004.404853] [ 159595]  1000 159595  9538342     6170   729088        0           300 chrome
[20004.404857] [ 159608]  1000 159608  9538342     6194   745472        0           300 chrome
[20004.404861] [ 159613]  1000 159613  9538342     6205   729088        0           300 chrome
[20004.404865] [ 159627]  1000 159627  9538598     6877   753664        0           300 chrome
[20004.404869] [ 159653]  1000 159653  9539366     8920   798720        0           300 chrome
[20004.404873] [ 159658]  1000 159658  9538598     6980   729088        0           300 chrome
[20004.404877] [ 159686]  1000 159686  9542696     6797   729088        0           300 chrome
[20004.404881] [ 159690]  1000 159690  9542950     8385   765952        0           300 chrome
[20004.404884] [ 159737]  1000 159737  9538340     6026   720896        0           300 chrome
[20004.404888] [ 159780]  1000 159780  9540389     6379   753664        0           300 chrome
[20004.404892] [ 159808]  1000 159808  9538852     8091   782336        0           300 chrome
[20004.404895] [ 159815]  1000 159815  9538596     6984   741376        0           300 chrome
[20004.404898] [ 159869]  1000 159869  9538342     6105   724992        0           300 chrome
[20004.404902] [ 159927]  1000 159927  9538342     6105   724992        0           300 chrome
[20004.404905] [ 159949]  1000 159949  9538895     6363   741376        0           300 chrome
[20004.404908] [ 159956]  1000 159956  9538596     6297   749568        0           300 chrome
[20004.404912] [ 160050]  1000 160050  9538340     6241   741376        0           300 chrome
[20004.404915] [ 160088]  1000 160088  9538340     6164   729088        0           300 chrome
[20004.404918] [ 160188]  1000 160188  9538852     9141   782336        0           300 chrome
[20004.404922] [ 160201]  1000 160201  9542694     6737   745472        0           300 chrome
[20004.404925] [ 160422]  1000 160422    52428      449   131072        0             0 virtlogd
[20004.404929] [ 160426]  1000 160426  1352294   895142  7749632        0             0 qemu-system-x86
[20004.404933] [ 160597]  1000 160597  9533678     4891   700416        0           300 chrome
[20004.404937] [ 160878]  1000 160878    58071      129    86016        0             0 flatpak-session
[20004.404941] [ 160882]  1000 160882     1803       80    53248        0             0 p11-kit-server
[20004.404945] [ 160898]  1000 160898      614       24    45056        0             0 bwrap
[20004.404949] [ 160900]  1000 160900    20287       78    57344        0             0 xdg-dbus-proxy
[20004.404953] [ 160918]  1000 160918      614       24    40960        0             0 bwrap
[20004.404957] [ 160919]  1000 160919      614       44    40960        0             0 bwrap
[20004.404960] oom-kill:constraint=CONSTRAINT_NONE,nodemask=(null),cpuset=/,mems_allowed=0,global_oom,task_memcg=/user.slice/user-1000.slice/user@1000.service,task=qemu-system-x86,pid=160426,uid=1000
[20004.405006] Out of memory: Killed process 160426 (qemu-system-x86) total-vm:5409176kB, anon-rss:3580564kB, file-rss:0kB, shmem-rss:4kB, UID:1000 pgtables:7568kB oom_score_adj:0
[20004.985373] oom_reaper: reaped process 160426 (qemu-system-x86), now anon-rss:0kB, file-rss:68kB, shmem-rss:4kB
[20172.460134] pool-/usr/lib/f invoked oom-killer: gfp_mask=0x100cca(GFP_HIGHUSER_MOVABLE), order=0, oom_score_adj=0
[20172.460143] CPU: 3 PID: 162902 Comm: pool-/usr/lib/f Tainted: G        W  OE     5.12.0-1-MANJARO #1
[20172.460146] Hardware name: HP HP EliteBook 840 G6/8549, BIOS R70 Ver. 01.06.00 08/03/2020
[20172.460147] Call Trace:
[20172.460152]  dump_stack+0x76/0x94
[20172.460157]  dump_header+0x4a/0x1f7
[20172.460160]  oom_kill_process.cold+0xb/0x10
[20172.460163]  out_of_memory+0x126/0x4e0
[20172.460168]  __alloc_pages_slowpath.constprop.0+0xc63/0xd40
[20172.460174]  __alloc_pages_nodemask+0x365/0x3a0
[20172.460178]  pagecache_get_page+0x276/0x640
[20172.460181]  ? page_cache_ra_unbounded+0x13f/0x210
[20172.460186]  filemap_fault+0x6f2/0xa90
[20172.460191]  ext4_filemap_fault+0x2d/0x40 [ext4]
[20172.460234]  __do_fault+0x36/0x100
[20172.460239]  __handle_mm_fault+0x1018/0x16a0
[20172.460243]  handle_mm_fault+0xdb/0x2c0
[20172.460245]  do_user_addr_fault+0x1e0/0x790
[20172.460250]  exc_page_fault+0x67/0x170
[20172.460254]  ? asm_exc_page_fault+0x8/0x30
[20172.460257]  asm_exc_page_fault+0x1e/0x30
[20172.460259] RIP: 0033:0x7fcd78ca8bc0
[20172.460266] Code: Unable to access opcode bytes at RIP 0x7fcd78ca8b96.
[20172.460267] RSP: 002b:00007fcd643fdc38 EFLAGS: 00010202
[20172.460270] RAX: 00007fcd62e043e0 RBX: 0000000000000008 RCX: 0000000000000000
[20172.460271] RDX: 0000000000000008 RSI: 0000000000000000 RDI: 00007fcd78d3c480
[20172.460273] RBP: 0000000000000000 R08: 0000000000000000 R09: 00007fcd6c42ebc0
[20172.460274] R10: 00007fcd6c434378 R11: aaaaaaaaaaaaaaab R12: 00007fcd62e043e0
[20172.460276] R13: 0000000000000000 R14: 0000000000000028 R15: 00007fcd643fdda0
[20172.460279] Mem-Info:
[20172.460281] active_anon:598019 inactive_anon:1906055 isolated_anon:0
                active_file:90 inactive_file:57 isolated_file:0
                unevictable:220164 dirty:0 writeback:0
                slab_reclaimable:25104 slab_unreclaimable:61196
                mapped:39146 shmem:299776 pagetables:14788 bounce:0
                free:31850 free_pcp:2011 free_cma:0
[20172.460286] Node 0 active_anon:2392076kB inactive_anon:7624220kB active_file:360kB inactive_file:228kB unevictable:880656kB isolated(anon):0kB isolated(file):0kB mapped:156584kB dirty:0kB writeback:0kB shmem:1199104kB shmem_thp: 0kB shmem_pmdmapped: 0kB anon_thp: 1028096kB writeback_tmp:0kB kernel_stack:18048kB pagetables:59152kB all_unreclaimable? no
[20172.460292] Node 0 DMA free:13848kB min:92kB low:112kB high:132kB reserved_highatomic:0KB active_anon:0kB inactive_anon:0kB active_file:0kB inactive_file:0kB unevictable:0kB writepending:0kB present:15992kB managed:15896kB mlocked:0kB bounce:0kB free_pcp:0kB local_pcp:0kB free_cma:0kB
[20172.460297] lowmem_reserve[]: 0 2316 11281 11281 11281
[20172.460302] Node 0 DMA32 free:49260kB min:13852kB low:17312kB high:20772kB reserved_highatomic:0KB active_anon:674168kB inactive_anon:1470756kB active_file:292kB inactive_file:176kB unevictable:143556kB writepending:0kB present:2448048kB managed:2382344kB mlocked:0kB bounce:0kB free_pcp:1752kB local_pcp:56kB free_cma:0kB
[20172.460308] lowmem_reserve[]: 0 0 8965 8965 8965
[20172.460312] Node 0 Normal free:64292kB min:65920kB low:79328kB high:92736kB reserved_highatomic:0KB active_anon:1717908kB inactive_anon:6153464kB active_file:876kB inactive_file:692kB unevictable:737100kB writepending:0kB present:9428992kB managed:9187564kB mlocked:96kB bounce:0kB free_pcp:6292kB local_pcp:872kB free_cma:0kB
[20172.460317] lowmem_reserve[]: 0 0 0 0 0
[20172.460320] Node 0 DMA: 2*4kB (U) 2*8kB (U) 0*16kB 2*32kB (U) 3*64kB (U) 2*128kB (U) 0*256kB 0*512kB 1*1024kB (U) 2*2048kB (UM) 2*4096kB (M) = 13848kB
[20172.460337] Node 0 DMA32: 764*4kB (UE) 768*8kB (UE) 705*16kB (UE) 422*32kB (UME) 158*64kB (UME) 41*128kB (UME) 0*256kB 0*512kB 0*1024kB 0*2048kB 0*4096kB = 49344kB
[20172.460351] Node 0 Normal: 3204*4kB (UME) 2127*8kB (UME) 1387*16kB (UME) 355*32kB (UME) 14*64kB (UM) 0*128kB 0*256kB 0*512kB 0*1024kB 0*2048kB 0*4096kB = 64280kB
[20172.460364] Node 0 hugepages_total=0 hugepages_free=0 hugepages_surp=0 hugepages_size=1048576kB
[20172.460367] Node 0 hugepages_total=0 hugepages_free=0 hugepages_surp=0 hugepages_size=2048kB
[20172.460368] 300085 total pagecache pages
[20172.460369] 0 pages in swap cache
[20172.460370] Swap cache stats: add 0, delete 0, find 0/0
[20172.460371] Free swap  = 0kB
[20172.460372] Total swap = 0kB
[20172.460373] 2973258 pages RAM
[20172.460374] 0 pages HighMem/MovableOnly
[20172.460375] 76807 pages reserved
[20172.460375] 0 pages cma reserved
[20172.460376] 0 pages hwpoisoned
[20172.460377] Tasks state (memory values in pages):
[20172.460378] [  pid  ]   uid  tgid total_vm      rss pgtables_bytes swapents oom_score_adj name
[20172.460385] [    255]     0   255    47553      777   389120        0          -250 systemd-journal
[20172.460389] [    280]     0   280     7857      825    86016        0         -1000 systemd-udevd
[20172.460398] [   1215]   979  1215    22386      211    77824        0             0 systemd-timesyn
[20172.460401] [   1357]   974  1357     3056      196    65536        0             0 avahi-daemon
[20172.460404] [   1360]     0  1360     2919      193    65536        0             0 bluetoothd
[20172.460406] [   1362]     0  1362     1704       90    57344        0             0 crond
[20172.460409] [   1365]    81  1365     3781      860    65536        0          -900 dbus-daemon
[20172.460411] [   1372]     0  1372   102422     1946   163840        0             0 NetworkManager
[20172.460414] [   1377]   102  1377   681623     2068   258048        0             0 polkitd
[20172.460416] [   1378]     0  1378   459332     3727   307200        0          -900 snapd
[20172.460419] [   1383]     0  1383    77362      265   114688        0             0 systemd-logind
[20172.460422] [   1390]   974  1390     2987      169    65536        0             0 avahi-daemon
[20172.460424] [   1443]     0  1443     7760      502    98304        0             0 cupsd
[20172.460426] [   1449]     0  1449     1433       59    49152        0             0 snapdaemon
[20172.460429] [   1459]     0  1459    14756     8692   151552        0             0 main.exe
[20172.460431] [   1460]     0  1460     6103       90    57344        0             0 tpm_server
[20172.460433] [   1464]     0  1464      657        9    45056        0             0 tpm2-abrmd-star
[20172.460436] [   1554]     0  1554    35040      375   139264        0             0 sddm
[20172.460438] [   1574]     0  1574    78608      426   102400        0             0 ModemManager
[20172.460441] [   1640]     0  1640   176119    24945   458752        0             0 Xorg
[20172.460443] [   1750]     0  1750      657       10    45056        0             0 sh
[20172.460446] [   1751]     0  1751   133412      203   122880        0             0 tpm2-abrmd
[20172.460449] [   1802]     0  1802     5739     2252    81920        0             0 python3
[20172.460451] [   1981]     0  1981     3864      386    65536        0             0 wpa_supplicant
[20172.460454] [   2220]     0  2220    16155      464   126976        0             0 sddm-helper
[20172.460456] [   2237]  1000  2237     4134      539    73728        0             0 systemd
[20172.460458] [   2247]  1000  2247     5317      835    81920        0             0 (sd-pam)
[20172.460460] [   2335]  1000  2335   164224      892   237568        0             0 appimagelaunche
[20172.460463] [   2342]  1000  2342   399414    40645   946176        0             0 kwalletd5
[20172.460466] [   2343]  1000  2343    35593      525   122880        0             0 startplasma-x11
[20172.460468] [   2389]  1000  2389     3348      536    69632        0             0 dbus-daemon
[20172.460470] [   2498]  1000  2498      571       24    36864        0             0 start_kdeinit
[20172.460473] [   2510]  1000  2510    26827      941   184320        0             0 kdeinit5
[20172.460475] [   2566]  1000  2566    69661     1364   249856        0             0 klauncher
[20172.460477] [   2588]  1000  2588   434678    44115  1048576        0             0 kded5
[20172.460480] [   2640]  1000  2640  1214892    54303  1896448        0             0 kwin_x11
[20172.460482] [   2646]  1000  2646    38790      163    61440        0             0 dconf-service
[20172.460484] [   2691]  1000  2691    69917     1767   249856        0             0 kglobalaccel5
[20172.460487] [   2696]     0  2696    99194      835   131072        0             0 udisksd
[20172.460489] [   2705]     0  2705    62776      532   114688        0             0 upowerd
[20172.460491] [   2738]  1000  2738   135828     1407   245760        0             0 kactivitymanage
[20172.460494] [   2745]  1000  2745    54581      600   155648        0             0 kscreen_backend
[20172.460496] [   2747]  1000  2747    11437      172    77824        0             0 obexd
[20172.460498] [   2758]  1000  2758   294867    39162   688128        0             0 ksmserver
[20172.460501] [   2797]  1000  2797    56351      649   159744        0             0 xembedsniproxy
[20172.460503] [   2805]  1000  2805  1411097   151716  2461696        0             0 plasmashell
[20172.460506] [   2807]  1000  2807   363010    40937   925696        0             0 polkit-kde-auth
[20172.460508] [   2809]  1000  2809   223447     1597   290816        0             0 org_kde_powerde
[20172.460510] [   2811]  1000  2811   294716    39131   671744        0             0 kaccess
[20172.460513] [   2819]  1000  2819    56555      651   163840        0             0 gmenudbusmenupr
[20172.460515] [   2822]  1000  2822   315625    39362   700416        0             0 kdeconnectd
[20172.460517] [   2824]  1000  2824   436715    42435   765952        0             0 DiscoverNotifie
[20172.460519] [   2829]  1000  2829   525927     1085   180224        0             0 pulseaudio
[20172.460522] [   2841]   133  2841    38454       68    61440        0             0 rtkit-daemon
[20172.460524] [   2870]  1000  2870   294067    39096   667648        0             0 msm_kde_notifie
[20172.460526] [   2930]  1000  2930   401119    41247  1003520        0             0 yakuake
[20172.460528] [   2931]  1000  2931    59207      221    90112        0             0 gsettings-helpe
[20172.460531] [   2985]  1000  2985   334330    39307   716800        0             0 pamac-tray-plas
[20172.460533] [   3105]  1000  3105    59034      236    98304        0             0 gvfsd
[20172.460535] [   3110]  1000  3110   113453      170   106496        0             0 gvfsd-fuse
[20172.460538] [   3180]  1000  3180    58302      111    77824        0             0 agent
[20172.460540] [   3187]  1000  3187   535469    10443   909312        0             0 megasync
[20172.460542] [   3200]  1000  3200   358907    44185   786432        0             0 firewall-applet
[20172.460545] [   3264]  1000  3264    76057      196    86016        0             0 at-spi-bus-laun
[20172.460547] [   3270]  1000  3270     3074      234    65536        0             0 dbus-daemon
[20172.460549] [   3272]  1000  3272    40218      244    73728        0             0 at-spi2-registr
[20172.460552] [   3298]  1000  3298     1935      211    49152        0             0 bash
[20172.460554] [   3437]     0  3437    59157      422    98304        0             0 accounts-daemon
[20172.460556] [   3836]  1000  3836    26901      946   176128        0             0 file.so
[20172.460559] [   4020]     0  4020    93912     8606   217088        0             0 fwupd
[20172.460561] [   4134]  1000  4134    39546      548   155648        0             0 kio_http_cache_
[20172.460563] [   4238]  1000  4238   237097      613   192512        0             0 xdg-desktop-por
[20172.460566] [   4242]  1000  4242   150349      169   131072        0             0 xdg-document-po
[20172.460568] [   4245]  1000  4245    57991      105    86016        0             0 xdg-permission-
[20172.460570] [   4250]  1000  4250      617       30    45056        0             0 fusermount
[20172.460572] [   4261]  1000  4261   344139    40758   942080        0             0 xdg-desktop-por
[20172.460575] [   4310]  1000  4310    22617      247    69632        0             0 pipewire
[20172.460577] [   7011]  1000  7011 67402928    39083   688128        0             0 baloorunner
[20172.460579] [  20447]     0 20447   487522     9324   376832        0             0 nordvpnd
[20172.460582] [  26031]  1000 26031    39656      153    73728        0             0 gvfsd-metadata
[20172.460585] [  32594]   140 32594    41118      308    90112        0             0 usbmuxd
[20172.460587] [  39695]  1000 39695   312460    39069   675840        0             0 kiod5
[20172.460590] [  52757]  1000 52757    87282      526   122880        0             0 gvfs-udisks2-vo
[20172.460592] [  52762]  1000 52762    67201      477   126976        0             0 gvfs-gphoto2-vo
[20172.460594] [  52861]  1000 52861    58067      190    86016        0             0 gvfs-mtp-volume
[20172.460597] [  52865]  1000 52865    78722      215   106496        0             0 gvfs-afc-volume
[20172.460599] [  52870]  1000 52870    77589      321    98304        0             0 gvfsd-trash
[20172.460601] [  52883]  1000 52883    96016      291   106496        0             0 gvfsd-network
[20172.460604] [  52895]  1000 52895    78079      267    98304        0             0 gvfsd-dnssd
[20172.460606] [  62269]  1000 62269    27045      952   176128        0             0 file.so
[20172.460609] [  79308]     0 79308     1483      217    49152        0             0 openvpn
[20172.460611] [  94310]  1000 94310   380361    36595   577536        0             0 pamac-manager
[20172.460614] [  94344]     0 94344    71688      542   143360        0             0 pamac-daemon
[20172.460617] [ 130173]  1000 130173 21737052    43548   901120        0             0 gnome-boxes
[20172.460619] [ 130191]  1000 130191   405825     2232   319488        0             0 libvirtd
[20172.460622] [ 146286]  1000 146286   203467    19719   401408        0             0 python3
[20172.460624] [ 146351]  1000 146351   791259    44844  1622016        0             0 firefox
[20172.460626] [ 146416]  1000 146416   720326    62120  1642496        0             0 Web Content
[20172.460629] [ 146470]  1000 146470   627165     6295   679936        0             0 WebExtensions
[20172.460631] [ 146521]  1000 146521   657421    36940  1015808        0             0 Privileged Cont
[20172.460634] [ 146564]  1000 146564   620374     4710   548864        0             0 Web Content
[20172.460636] [ 148442]  1000 148442  1408945   119210  1961984        0             0 plasma-discover
[20172.460640] [ 156587]  1000 156587   185014    36296  1097728        0             0 chrome
[20172.460642] [ 156593]  1000 156593     1375       21    49152        0             0 cat
[20172.460644] [ 156594]  1000 156594     1375       22    49152        0             0 cat
[20172.460647] [ 156597]  1000 156597    65441     2612   389120        0             0 chrome
[20172.460649] [ 156598]  1000 156598    65441     2619   405504        0             0 chrome
[20172.460652] [ 156599]  1000 156599     2659      145    73728        0             0 nacl_helper
[20172.460655] [ 156602]  1000 156602    65441     2620   245760        0             0 chrome
[20172.460657] [ 156625]  1000 156625   164578    16514  1040384        0           200 chrome
[20172.460660] [ 156627]  1000 156627    86247     7817   503808        0           200 chrome
[20172.460663] [ 156634]  1000 156634    77318     3410   376832        0           200 chrome
[20172.460666] [ 156717]  1000 156717  9538266     4911   724992        0           300 chrome
[20172.460669] [ 156741]  1000 156741  9550878    11841   880640        0           300 chrome
[20172.460671] [ 156755]  1000 156755  9533658     5288   700416        0           300 chrome
[20172.460674] [ 156776]  1000 156776  9540061     6476   741376        0           300 chrome
[20172.460677] [ 156782]  1000 156782  9539547     5719   757760        0           300 chrome
[20172.460679] [ 156794]  1000 156794  9533912     4716   692224        0           300 chrome
[20172.460682] [ 156808]  1000 156808  9531735     4497   679936        0           300 chrome
[20172.460684] [ 156828]  1000 156828  9540826    10482   880640        0           300 chrome
[20172.460687] [ 157140]  1000 157140  9555029    16020  1110016        0           300 chrome
[20172.460690] [ 157229]  1000 157229  9544979     6622   790528        0           300 chrome
[20172.460692] [ 157250]  1000 157250  9538320     6113   753664        0           300 chrome
[20172.460695] [ 157456]  1000 157456 11663506    20506  1568768        0           300 chrome
[20172.460698] [ 160422]  1000 160422    52428      489   131072        0             0 virtlogd
[20172.460701] [ 160878]  1000 160878    58071      146    86016        0             0 flatpak-session
[20172.460704] [ 160882]  1000 160882     1803       80    53248        0             0 p11-kit-server
[20172.460706] [ 160976]  1000 160976  1372388  1025197  8765440        0             0 qemu-system-x86
[20172.460710] [ 161076]  1000 161076 67137847     1065   204800        0             0 tags.so
[20172.460712] [ 161077]  1000 161077    26989      952   176128        0             0 file.so
[20172.460714] [ 161086]  1000 161086   400465    42103   942080        0             0 thumbnail.so
[20172.460717] [ 161479]  1000 161479  9529750     3592   585728        0           300 chrome
[20172.460719] [ 161512]  1000 161512    82685     1165   204800        0             0 http.so
[20172.460722] [ 161514]  1000 161514    82685     1181   204800        0             0 http.so
[20172.460724] [ 161535]  1000 161535    82685     1138   204800        0             0 http.so
[20172.460727] [ 161537]  1000 161537    82685     1168   204800        0             0 http.so
[20172.460729] [ 161544]  1000 161544    82685     1140   204800        0             0 http.so
[20172.460731] [ 161584]     0 161584    99325     8546   196608        0             0 packagekitd
[20172.460734] [ 161976]  1000 161976    82673     1142   204800        0             0 http.so
[20172.460736] [ 161977]  1000 161977    82677     1147   204800        0             0 http.so
[20172.460738] [ 161981]  1000 161981    82675     1140   204800        0             0 http.so
[20172.460740] oom-kill:constraint=CONSTRAINT_NONE,nodemask=(null),cpuset=/,mems_allowed=0,global_oom,task_memcg=/user.slice/user-1000.slice/user@1000.service,task=qemu-system-x86,pid=160976,uid=1000
[20172.460777] Out of memory: Killed process 160976 (qemu-system-x86) total-vm:5489552kB, anon-rss:4100784kB, file-rss:0kB, shmem-rss:4kB, UID:1000 pgtables:8560kB oom_score_adj:0
[20172.929343] oom_reaper: reaped process 160976 (qemu-system-x86), now anon-rss:0kB, file-rss:68kB, shmem-rss:4kB
