[  pid  ]   uid  tgid total_vm      rss pgtables_bytes swapents oom_score_adj name
[    669]     0   669    30021      417   253952      198          -250 systemd-journal
[    709]     0   709     7114      101    73728      827         -1000 systemd-udevd
[   1854]   108  1854     4039       69    69632      182          -900 systemd-oomd
[   1855]   101  1855     4934      229    73728      278             0 systemd-resolve
[   1856]   103  1856    22375       29    81920      206             0 systemd-timesyn
[   2213]     0  2213    60126      198    94208      196             0 accounts-daemon
[   2216]   114  2216     2128       77    53248       69             0 avahi-daemon
[   2218]     0  2218     2435       26    53248       37             0 cron
[   2221]   102  2221     3027      664    61440      163          -900 dbus-daemon
[   2226]     0  2226     2329        4    57344       66             0 dundee
[   2231]     0  2231    20683       32    57344       64             0 irqbalance
[   2237]     0  2237    44687       41    86016       42             0 logid
[   2238]     0  2238    37781        0    61440       58             0 lxcfs
[   2240]     0  2240     2919       52    61440      128             0 ofonod
[   2241]     0  2241   105393        0   110592       47             0 osspd
[   2242]     0  2242    61030      937   106496      123             0 polkitd
[   2243]     0  2243    60025       57   102400      129             0 power-profiles-
[   2245]     0  2245      657       15    45056       10             0 downtimed
[   2247]     0  2247     2942       41    61440      330             0 smartd
[   2248]     0  2248   292651     3288   307200     1775          -900 snapd
[   2249]     0  2249    59078        0    86016      135             0 switcheroo-cont
[   2250]     0  2250    12331      140    90112      186             0 systemd-logind
[   2251]     0  2251    50750       62   106496      161             0 thermald
[   2252]     0  2252    98515      917   126976      351             0 udisksd
[   2253]     0  2253    58532      136    90112      150             0 urfkilld
[   2254]     0  2254    12560        0   143360     3431             0 waydroid
[   2259]   114  2259     2044       10    53248       81             0 avahi-daemon
[   2356]     0  2356    83923      504   147456      402             0 NetworkManager
[   2357]     0  2357     4267      131    73728      125             0 connmand
[   2358]     0  2358     4259       80    77824      287             0 wpa_supplicant
[   2373]     0  2373    60843      146   114688      335             0 ModemManager
[   2409]     0  2409   391340     6089   307200      601             0 bettercap
[   2412]     0  2412     2492        0    61440      123             0 lircd
[   2413]     0  2413     1184       19    45056       23             0 lxc-monitord
[   2419]     0  2419    29461        0   135168     2231             0 unattended-upgr
[   2430]     0  2430   357624     1665   315392     1263          -999 containerd
[   2440]     0  2440      655        1    45056       23             0 bpfilter_umh
[   2485]     0  2485    60286        1   102400      357             0 gdm3
[   2504]     0  2504    42224        9    98304      371             0 gdm-session-wor
[   2505]     0  2505     3958       46    73728       25             0 iwd
[   2645]     0  2645    18118      209   126976      372             0 nmbd
[   2662]     0  2662   205341     1689   638976     9585             0 syslog-ng
[   2726]   113  2726     3117       25    65536       99             0 kerneloops
[   2736]   113  2736     3117       24    61440       99             0 kerneloops
[   2831]     0  2831    51566     1273   151552      590             0 apache2
[   2833]   132  2833     3975       27    65536       76             0 dnsmasq
[   2861]  1000  2861     5077      595    86016      326           100 systemd
[   2863]  1000  2863     5820      315    81920     1020           100 (sd-pam)
[   2911]     0  2911   347646     3274   372736     2432          -500 dockerd
[   2917]  1000  2917    18043       47   114688      940           200 headsetcontrol-
[   2918]  1000  2918    50911     2545   184320     2657           200 pipewire
[   2920]  1000  2920   101687     1126   282624     1151           200 wireplumber
[   2921]  1000  2921    62299    27039   393216     8461           200 pipewire-pulse
[   2927]  1000  2927    97657      256   118784      148           200 gnome-keyring-d
[   2933]  1000  2933     2768      504    61440      113           200 dbus-daemon
[   2966]   116  2966    22069       36    61440       43             0 rtkit-daemon
[   2972]  1000  2972    40591        0    81920      137             0 gdm-wayland-ses
[   2977]  1000  2977    55969        0   143360      455             0 gnome-session-b
[   3002]     0  3002    21298      359   159744      415             0 smbd
[   3200]     0  3200    20793       79   155648      619             0 smbd-notifyd
[   3201]     0  3201    20795       78   131072      623             0 cleanupd
[   3218]  1000  3218    22069       11    69632      142           200 gcr-ssh-agent
[   3219]  1000  3219    22916       20    77824       95           200 gnome-session-c
[   3221]  1000  3221     1894        0    65536      157           200 ssh-agent
[   3226]  1000  3226    60201      160    98304      112           200 gvfsd
[   3254]  1000  3254    95077        0    98304      224           200 gvfsd-fuse
[   3255]  1000  3255   148665      419   176128      426           200 gnome-session-b
[   3282]  1000  3282    77323       45    94208      144           200 at-spi-bus-laun
[   3287]  1000  3287  1384656    90359  2785280    34802           200 gnome-shell
[   3293]  1000  3293     2328      111    57344       70           200 dbus-daemon
[   3360]  1000  3360   145133        0   192512      757           200 gnome-shell-cal
[   3361]  1000  3361    59097       98    86016       56           200 xdg-permission-
[   3368]     0  3368    59294      243    94208       82             0 upowerd
[   3378]  1000  3378   292279      255   344064     1744           200 evolution-sourc
[   3381]  1000  3381    39595      601    73728       60           200 dconf-service
[   3391]  1000  3391    79182      541   114688      190           200 gvfs-udisks2-vo
[   3401]  1000  3401    59381      107    90112      112           200 gvfs-gphoto2-vo
[   3405]  1000  3405    59109      118    94208       59           200 gvfs-mtp-volume
[   3409]  1000  3409    78816       89   106496      196           200 gvfs-afc-volume
[   3414]  1000  3414    59158      110    98304       73           200 gvfs-goa-volume
[   3418]  1000  3418   138663       75   253952     1547           200 goa-daemon
[   3425]  1000  3425    78942        0   110592      264           200 goa-identity-se
[   3432]     0  3432    95958     8390   258048     3138             0 packagekitd
[   3442]  1000  3442   204254      215   237568      634           200 evolution-calen
[   3461]  1000  3461   168020       38   249856      811           200 evolution-addre
[   3486]  1000  3486   644949      460   229376      833           200 gjs
[   3488]  1000  3488    40514       73    81920      115           200 at-spi2-registr
[   3497]   122  3497    61358      183   110592      736             0 colord
[   3499]  1000  3499      684        0    45056       26           200 sh
[   3500]  1000  3500    77726       66    98304       79           200 gsd-a11y-settin
[   3501]  1000  3501    85671      469   167936      822           200 gsd-color
[   3502]  1000  3502    89462       68   139264      262           200 gsd-datetime
[   3503]  1000  3503    96817      369   106496      102           200 gsd-housekeepin
[   3505]  1000  3505   103775      459   180224      813           200 gsd-keyboard
[   3507]  1000  3507   167342      628   212992      802           200 gsd-media-keys
[   3509]  1000  3509    78808      508   114688      787           200 ibus-daemon
[   3512]  1000  3512   131508      699   200704      771           200 gsd-power
[   3516]  1000  3516    62474      168   118784      232           200 gsd-print-notif
[   3517]  1000  3517   114472      134   118784       85           200 gsd-rfkill
[   3518]  1000  3518    59110      181    98304       57           200 gsd-screensaver
[   3519]  1000  3519   116629      225   135168      228           200 gsd-sharing
[   3520]  1000  3520    96634      119   118784      159           200 gsd-smartcard
[   3521]  1000  3521    79939       61   114688      208           200 gsd-sound
[   3522]  1000  3522   103928      428   176128      908           200 gsd-wacom
[   3573]  1000  3573    40894        0    90112      181           200 ibus-memconf
[   3574]  1000  3574    87145      515   184320     2284           200 ibus-extension-
[   3577]  1000  3577    57921      462    86016      145           200 gsd-disk-utilit
[   3581]  1000  3581     2686       43    57344      159           200 bash
[   3582]  1000  3582    94611      328   237568     5120           200 blueman-applet
[   3584]  1000  3584   199339      490   364544     3154           200 evolution-alarm
[   3585]  1000  3585    78642        0   110592      220           200 indicator-messa
[   3586]  1000  3586   329079    23470   827392    17333           200 gnome-software
[   3619]  1000  3619    85617       89   147456      423           200 gsd-printer
[   3643]  1000  3643   114730      202   110592      121           200 ibus-portal
[   3724]  1000  3724   121812     2458   176128     1257           200 gvfsd-http
[   3745]  1000  3745    40894      135    86016       84           200 ibus-engine-sim
[   3779]  1000  3779   254412      659   196608      296           200 xdg-desktop-por
[   3783]  1000  3783   315393    30344   831488    26035           200 snap-store
[   3809]  1000  3809   187527      198   163840       66           200 xdg-document-po
[   3815]  1000  3815      660        0    45056       28           200 fusermount3
[   3876]  1000  3876    87530      602   176128     1302           200 xdg-desktop-por
[   3990]  1000  3990   644949      558   225280      739           200 gjs
[   4067]  1000  4067    11961       23    86016      154           200 obexd
[   4070]  1000  4070    78829      266   110592      143           200 gvfsd-trash
[   4092]  1000  4092    40922      273    81920       69           200 gvfsd-metadata
[   4231]  1000  4231    78972      407   110592      108           200 gvfsd-recent
[   5309]  1000  5309   106257      893   196608     1101           200 update-notifier
[   7291]  1000  7291   201470    48208   729088     7218           200 tracker-miner-f
[   9130]  1000  9130    97336      225   118784      120           200 gvfsd-network
[   9155]  1000  9155    79196      137   106496      160           200 gvfsd-dnssd
[  10272]  1000 10272      684        0    45056       25           200 sh
[  10273]  1000 10273     2655        2    57344       80           200 bash
[  10505]  1000 10505     2156        0    53248       26           200 tail
[  77290]  1000 77290    59204      102    94208       49           200 flatpak-session
[  77295]  1000 77295      990        8    45056       39           200 p11-kit-server
[ 174069]  1000 174069   161535     6069   507904     4853           200 Xwayland
[ 174081]  1000 174081   206546     1154   483328     3573           200 gsd-xsettings
[ 174125]  1000 174125    48679     1264   151552      577           200 ibus-x11
[ 175463]  1000 175463   441865    12590   663552      890           200 xdg-desktop-por
[ 539861]  1000 539861     2557       75    61440        3           200 notify-action.s
[ 539864]  1000 539864     2557       73    57344        4           200 notify-action.s
[ 539865]  1000 539865    40587       76    81920        4           200 gdbus
[ 561207]  1000 561207  8602826    59044  2068480     8186           200 chrome
[ 561213]  1000 561213     2183       21    49152        1           200 cat
[ 561214]  1000 561214     2183       21    49152        1           200 cat
[ 561216]  1000 561216  8393949       62    61440        1           200 chrome_crashpad
[ 561218]  1000 561218  8391896       41    61440        1           200 chrome_crashpad
[ 561224]  1000 561224  8463156      292   413696     2513           200 chrome
[ 561225]  1000 561225  8463153     1041   413696     1747           200 chrome
[ 561226]  1000 561226  8392128        5    69632      101           200 nacl_helper
[ 561229]  1000 561229  8463158     1104   262144     1717           200 chrome
[ 561252]  1000 561252  8702113    42299  2539520     9647           200 chrome
[ 561254]  1000 561254  8479609     8675   692224     2698           200 chrome
[ 561265]  1000 561265  8476704     2754   491520     1805           200 chrome
[ 561356]  1000 561356 296202989    12509  1044480     2261           300 chrome
[ 561402]  1000 561402 296192786     7327   823296     2811           300 chrome
[ 561417]  1000 561417 296190416     1929   643072     3007           300 chrome
[ 561424]  1000 561424 296188881     1746   647168     3083           300 chrome
[ 561437]  1000 561437 296193571    10530   823296     2438           300 chrome
[ 561447]  1000 561447 296194051     6556   811008     2469           300 chrome
[ 561601]  1000 561601  8493188      522   495616     2587           200 chrome
[ 602749]  1000 602749 296190416     1821   679936     3479           300 chrome
[ 602769]  1000 602769    49529       68   155648     4288           200 chrome-gnome-sh
[ 649438]     0 649438     9402      486   102400        0             0 cupsd
[ 649439]     0 649439    43787      409   114688        0             0 cups-browsed
[ 649444]    33 649444    51706      682   126976      578             0 apache2
[ 649445]    33 649445    51706      687   126976      573             0 apache2
[ 649446]    33 649446    51706      687   126976      573             0 apache2
[ 649447]    33 649447    51706      686   126976      574             0 apache2
[ 649448]    33 649448    51706      687   126976      573             0 apache2
[ 659308]  1000 659308   148043     1944   335872      755           200 xdg-desktop-por
[ 669664]  1000 669664     2148       23    53248        0           200 sleep
[ 671256]  1000 671256 297801628    53035  1736704     1746           300 chrome
[ 677320]  1000 677320 296193436     7438   811008     1636           300 chrome
[ 677345]  1000 677345 296195418    10350   823296     1635           300 chrome
[ 677365]  1000 677365 296211576    14060  1024000     1610           300 chrome
[ 677428]  1000 677428 297270030    34253  1601536     1596           300 chrome
[ 677484]  1000 677484 297005551    13215  1052672     1597           300 chrome
[ 677844]  1000 677844 296203466     9332   864256     1626           300 chrome
[ 678115]  1000 678115 296202480     9079   839680     1626           300 chrome
[ 678149]  1000 678149 296202456     9527   860160     1624           300 chrome
[ 678180]  1000 678180 296207299    14180   929792     1620           300 chrome
[ 678231]  1000 678231 296202424    10307   851968     1623           300 chrome
