[97141.244595] [    929]     0   929   166836     1647   405504     5345             0 Xorg
[97141.244597] [    931]     0   931     2107        0    49152       31             0 agetty
[97141.244598] [    971]   120   971    62997        0   122880      493             0 whoopsie
[97141.244600] [    975]   117   975     2812       18    61440      102             0 kerneloops
[97141.244602] [    977]   117   977     2812       13    69632      107             0 kerneloops
[97141.244603] [   1050]   111  1050    38231        0    65536       65             0 rtkit-daemon
[97141.244605] [   1099]     0  1099    40015        1    73728      338             0 lightdm
[97141.244607] [   1147]  1000  1147     4740        0    77824      521             0 systemd
[97141.244609] [   1148]  1000  1148    25869        0    94208      889             0 (sd-pam)
[97141.244610] [   1153]  1000  1153   260308    20076   368640     1013             0 pulseaudio
[97141.244612] [   1154]  1000  1154     9881        0   114688     2147             0 autojack
[97141.244614] [   1157]  1000  1157    60037        0    90112      300             0 gnome-keyring-d
[97141.244615] [   1160]  1000  1160    68016      319   163840     1572             0 xfce4-session
[97141.244617] [   1161]  1000  1161     2019      174    49152      168             0 dbus-daemon
[97141.244619] [   1225]  1000  1225     1508        8    45056      106             0 ssh-agent
[97141.244620] [   1243]  1000  1243    77408        0   106496      294             0 at-spi-bus-laun
[97141.244622] [   1246]  1000  1246    59921        0    98304      302             0 gvfsd
[97141.244624] [   1251]  1000  1251    95513        0   102400      329             0 gvfsd-fuse
[97141.244626] [   1260]  1000  1260     1839       46    53248      122             0 dbus-daemon
[97141.244627] [   1264]  1000  1264    57552       15    81920      235             0 xfconfd
[97141.244629] [   1270]  1000  1270    40705        3    86016      199             0 at-spi2-registr
[97141.244631] [   1274]  1000  1274    57633       84   176128     2100             0 xfce4-screensav
[97141.244632] [   1282]  1000  1282   188372     1633   458752     4226             0 xfwm4
[97141.244634] [   1291]  1000  1291    58479      421   180224     1686             0 xfsettingsd
[97141.244636] [   1292]  1000  1292    88386      981   253952     3217             0 xfce4-panel
[97141.244638] [   1295]     0  1295    63101        0   102400      409             0 upowerd
[97141.244639] [   1328]  1000  1328    82036      796   225280     2599             0 panel-1-whisker
[97141.244641] [   1334]  1000  1334    49464      260   155648     1617             0 panel-5-systray
[97141.244643] [   1335]  1000  1335    62489      318   212992     2132             0 panel-6-notific
[97141.244644] [   1336]  1000  1336    80021      284   212992     2012             0 panel-7-indicat
[97141.244646] [   1337]  1000  1337    99776     1397   233472     1564             0 panel-8-statusn
[97141.244648] [   1338]  1000  1338    62785      326   217088     2125             0 panel-9-power-m
[97141.244649] [   1340]  1000  1340   167053      743   245760     2399             0 panel-10-pulsea
[97141.244651] [   1365]  1000  1365    86635      216   176128     1656             0 Thunar
[97141.244653] [   1370]  1000  1370    79869        0   212992     2453             0 xfce4-notifyd
[97141.244654] [   1383]  1000  1383    79207        0   114688      331             0 indicator-messa
[97141.244656] [   1384]  1000  1384     2019        0    53248       22             0 sleep
[97141.244658] [   1387]  1000  1387   122861     1031   458752    25206             0 xfdesktop
[97141.244659] [   1399]  1000  1399    14855      207   151552     3823             0 applet.py
[97141.244661] [   1402]  1000  1402   136277      486   249856     2165             0 update-notifier
[97141.244663] [   1410]  1000  1410   100946     1363   241664     1577             0 nm-applet
[97141.244664] [   1428]  1000  1428    49518      201   155648     1654             0 xfce4-power-man
[97141.244666] [   1430]  1000  1430    62583    20135   278528     1901             0 jackdbus
[97141.244668] [   1433]  1000  1433    59222        0    90112      156             0 agent
[97141.244669] [   1440]  1000  1440    87797      366   278528     1494             0 kdeconnectd
[97141.244671] [   1463]  1000  1463   109505      215   217088     4916             0 blueman-applet
[97141.244673] [   1464]  1000  1464    63117      186   225280     2120             0 polkit-gnome-au
[97141.244674] [   1469]  1000  1469   213577        0   163840      593             0 xiccd
[97141.244676] [   1482]   121  1482    62886        0   122880     2005             0 colord
[97141.244678] [   1501]  1000  1501    90653      140   196608     4689             0 blueman-tray
[97141.244680] [   1505]  1000  1505    79329        0   114688      486             0 gvfs-udisks2-vo
[97141.244681] [   1514]  1000  1514    58968        0    81920      241             0 gvfs-goa-volume
[97141.244683] [   1518]  1000  1518    10994        0    73728      173             0 obexd
[97141.244685] [   1523]  1000  1523    59555        0    94208      312             0 gvfs-gphoto2-vo
[97141.244687] [   1539]  1000  1539    40805    20126   237568      207             0 zita-j2a
[97141.244688] [   1540]  1000  1540    40805    20121   241664      212             0 zita-a2j
[97141.244690] [   1541]  1000  1541    40805    19811   241664      220             0 zita-a2j
[97141.244691] [   1542]  1000  1542    58954        0    86016      246             0 gvfs-mtp-volume
[97141.244693] [   1554]  1000  1554    79180        0   114688      309             0 gvfs-afc-volume
[97141.244695] [   1567]  1000  1567    79384        0   114688      443             0 gvfsd-trash
[97141.244696] [   1573]  1000  1573    40533        0    77824      154             0 gvfsd-metadata
[97141.244698] [   1588]  1000  1588    61794    19781   258048      219             0 a2jmidid
[97141.244700] [   7154]  1000  7154    97872        0   118784      352             0 gvfsd-network
[97141.244702] [   7166]  1000  7166    78743        0   106496      290             0 gvfsd-dnssd
[97141.244703] [   7269]     0  7269     7107        1    77824      429             0 cupsd
[97141.244705] [   7270]     0  7270    45108        0   122880      424             0 cups-browsed
[97141.244707] [   8359]  1000  8359    69919        0   126976      364             0 gvfsd-http
[97141.244708] [  10933]  1000 10933    39056        0    65536      164             0 dconf-service
[97141.244710] [  17659]  1000 17659  1102292   346866  7426048   404895             0 fgfs
[97141.244712] oom-kill:constraint=CONSTRAINT_NONE,nodemask=(null),cpuset=/,mems_allowed=0,global_oom,task_memcg=/user.slice/user-1000.slice/session-c2.scope,task=fgfs,pid=17659,uid=1000
[97141.244837] Out of memory: Killed process 17659 (fgfs) total-vm:4409168kB, anon-rss:1307096kB, file-rss:0kB, shmem-rss:80372kB, UID:1000 pgtables:7252kB oom_score_adj:0
[97141.422945] oom_reaper: reaped process 17659 (fgfs), now anon-rss:0kB, file-rss:0kB, shmem-rss:80408kB
[121875.048846] sky2 0000:05:00.0: error interrupt status=0x40000008
[121875.049127] sky2 0000:05:00.0 ens5: rx error, status 0x7ffc0001 length 996
[123886.780894] vboxdrv: Found 2 processor cores
[123886.788878] vboxdrv: fAsync=0 offMin=0x19a offMax=0x7bc
[123886.889815] vboxdrv: TSC mode is Synchronous, tentative frequency 2659931589 Hz
[123886.889816] vboxdrv: Successfully loaded version 6.1.10_Ubuntu (interface 0x002d0001)
[123886.903931] VBoxNetFlt: Successfully started.
[123886.918037] VBoxNetAdp: Successfully started.
[128240.057701] sky2 0000:05:00.0: error interrupt status=0x40000008
[128240.058211] sky2 0000:05:00.0 ens5: rx error, status 0x7ffc0001 length 996
