[drm] Initialized i915 1.6.0 20200917 for 0000:00:02.0 on minor 0
[  pid  ]   uid  tgid total_vm      rss pgtables_bytes swapents oom_score_adj name
[   1426]     0  1426     4673      776    65536        0             0 systemd-udevd
[   1712]     0  1712    21566       46    53248        0             0 lvmetad
[   2209]   101  2209     1298      349    49152        0             0 dbus-daemon
[   2240]     0  2240   123964      125   106496        0             0 elogind-daemon
[   2559]     0  2559     1697      257    53248        0             0 bluetoothd
[   2593]     0  2593     2170      130    49152        0             0 syslog-ng
[   2594]     0  2594   109593      379   106496        0             0 syslog-ng
[   2627]     0  2627     2042       84    45056        0             0 crond
[   2659]     0  2659     4116      492    73728        0             0 cupsd
[   2747]     0  2747      821      124    45056        0             0 dhcpcd
[   2847]     0  2847    34292      348   122880        0             0 sddm
[   2884]     0  2884     1828       41    49152        0             0 agetty
[   2885]     0  2885     1828       41    49152        0             0 agetty
[   2886]     0  2886     1828       41    53248        0             0 agetty
[   2887]     0  2887     1828       40    53248        0             0 agetty
[   2888]     0  2888     1828       41    57344        0             0 agetty
[   2889]     0  2889     1828       41    53248        0             0 agetty
[   2893]     0  2893  7170800   233252  2748416        0             0 X
[   2981]   999  2981     1153       88    49152        0             0 dbus-launch
[   2982]   999  2982     1003       82    49152        0             0 dbus-daemon
[   3030]     0  3030    13828      321    94208        0             0 sddm-helper
[   3035]  1000  3035    67790     1156   233472        0             0 kwalletd5
[   3036]  1000  3036    34973      509   118784        0             0 startplasma-x11
[   3041]  1000  3041     1153       86    49152        0             0 dbus-launch
[   3042]  1000  3042     1300      370    49152        0             0 dbus-daemon
[   3061]  1000  3061      552       24    36864        0             0 start_kdeinit
[   3062]  1000  3062    26099      852   192512        0             0 kdeinit5
[   3063]  1000  3063    67147     1081   233472        0             0 klauncher
[   3111]  1000  3111   447898     6344   638976        0             0 kded5
[   3115]  1000  3115  1037904   150120  2097152        0             0 kwin_x11
[   3138]  1000  3138    67473     1389   233472        0             0 kglobalaccel5
[   3179]  1000  3179    38793      137    77824        0             0 dconf-service
[   3204]  1000  3204    68318     1321   237568        0             0 ksmserver
[   3206]  1000  3206   134470      985   233472        0             0 kactivitymanage
[   3217]  1000  3217   131034     4170   438272        0             0 polkit-kde-auth
[   3219]  1000  3219    53850      453   151552        0             0 xembedsniproxy
[   3221]  1000  3221 67164289     1179   249856        0             0 baloo_file
[   3225]     0  3225    97317      474   122880        0             0 udisksd
[   3229]  1000  3229  1290746   193425  2523136        0             0 plasmashell
[   3232]  1000  3232    67486     1150   233472        0             0 kaccess
[   3241]  1000  3241    98974     1000   229376        0             0 org_kde_powerde
[   3243]   102  3243   749307     1366   258048        0             0 polkitd
[   3282]  1000  3282    54187      476   151552        0             0 gmenudbusmenupr
[   3292]  1000  3292   124478     1247   102400        0             0 pulseaudio
[   3293]     0  3293    57512      279    73728        0             0 upowerd
[   3298]  1000  3298    94379     4171   438272        0             0 kmix
[   3358]  1000  3358    53894      496   151552        0             0 kscreen_backend
[   3362]  1000  3362    58357      162    81920        0             0 gsettings-helpe
[   3367]  1000  3367   172327     8149   524288        0             0 konsole
[   3388]  1000  3388    10594      142    69632        0             0 obexd
[   3396]  1000  3396  1106556   117498  3923968        0             0 firefox
[   3480]  1000  3480     2984      524    57344        0             0 zsh
[   3603]  1000  3603    76084      173    86016        0             0 at-spi-bus-laun
[   3727]  1000  3727   613923     7878   671744        0             0 Web Content
[   3790]  1000  3790  6964778    25884  1536000        0             0 WebExtensions
[   3863]  1000  3863   613653     5793   618496        0             0 Privileged Cont
[   4015]  1000  4015    26168      853   176128        0             0 kio_file.so
[   4226]  1000  4226      979       50    45056        0             0 dbus-daemon
[   4234]  1000  4234    39386      179    69632        0             0 at-spi2-registr
[   4243]  1000  4243   187019     4281   479232        0             0 kde-add-printer
[   4309]  1000  4309   484321    14892   540672        0             0 system-config-p
[   4814]  1000  4814   730850    19503  1949696        0             0 Web Content
[   4854]  1000  4854   671159    17793  1179648        0             0 Web Content
[   4882]  1000  4882 68322119    84074  1761280        0             0 systemsettings5
[   4930]  1000  4930     1982       68    57344        0             0 su
[   4935]     0  4935     2309      184    49152        0             0 bash
[   5091]     0  5091     2201      193    53248        0             0 wpa_supplicant
[   5098]     0  5098      750       42    49152        0             0 wpa_cli
[   5441]  1000  5441   654692    15921  1167360        0             0 Web Content
[   1454]  1000  1454     2873      440    69632        0             0 zsh
[   2860]     0  2860    83401    12823   241664        0             0 fwupd
[   2900]     0  2900    37960       81    65536        0             0 gpg-agent
[   2933]  1000  2933    37075      448   143360        0             0 kio_http_cache_
[   3635]  1000  3635   673644    34683  1269760        0             0 Web Content
[   3832]  1000  3832    34861     1725   131072        0             0 fontinst
[   3846]  1000  3846     1900       90    53248        0             0 xsettingsd
[  23771]     4 23771     2420      116    57344        0             0 dbus
[  23776]     4 23776     4793      235    81920        0             0 gstoraster
[  23777]     4 23777     2899      125    61440        0             0 rastertobrlaser
[  23778]     0 23778     2520      203    65536        0             0 lpd
[  23779]     4 23779    52119    10713   212992        0             0 gs
[  23823]  1000 23823   641890    19154   962560        0             0 Web Content
[  23909]  1000 23909   725614    76650  1761280        0             0 Web Content
[  23947]  1000 23947    71701     4207   434176        0             0 RDD Process
[  24104]  1000 24104   194376    11016   548864        0             0 dolphin
[  24139]  1000 24139    26308      864   176128        0             0 baloosearch.so
[  25132]  1000 25132    26182      856   176128        0             0 kio_file.so
[  25141]  1000 25141    26182      856   176128        0             0 kio_file.so
[  25283]  1000 25283   688964    16960  1449984        0             0 Web Content
[  19050]  1000 19050  1004222    13846   954368        0             0 plasma-discover
[  19262]     0 19262    74408    33271   360448        0             0 emerge
[    673]     0   673     4115     1181    69632        0             0 python3.9
[    674]     0   674     4144     1215    73728        0             0 python3.9
[    688]   250   688      587       41    45056        0             0 sandbox
[    689]   250   689     3350     1113    65536        0             0 ebuild.sh
[    738]   250   738     3382     1140    61440        0             0 ebuild.sh
[    755]   250   755     2541      305    61440        0             0 emake
[    760]   250   760     2655      784    57344        0             0 make
[    795]   250   795     2683      817    61440        0             0 make
[  13181]   250 13181     2691      801    61440        0             0 make
[  13288]   250 13288     2690      791    65536        0             0 make
[  16827]   250 16827    57143    55223   499712        0             0 ninja
[  18217]   250 18217     2612      137    53248        0             0 x86_64-pc-linux
[  18218]   250 18218   577333   547376  4546560        0             0 cc1plus
[  18219]   250 18219     2837      385    65536        0             0 as
[  18226]   250 18226     2612      138    57344        0             0 x86_64-pc-linux
[  18227]   250 18227   577437   547642  4546560        0             0 cc1plus
[  18228]   250 18228     2837      385    61440        0             0 as
[  18229]   250 18229     2612      137    61440        0             0 x86_64-pc-linux
[  18230]   250 18230   585826   556572  4599808        0             0 cc1plus
[  18231]   250 18231     2837      385    61440        0             0 as
[  18241]   250 18241     2612      137    53248        0             0 x86_64-pc-linux
[  18242]   250 18242   555696   521793  4358144        0             0 cc1plus
[  18243]   250 18243     2837      385    61440        0             0 as
[  18247]   250 18247     2612      138    57344        0             0 x86_64-pc-linux
[  18248]   250 18248   538751   504037  4227072        0             0 cc1plus
[  18249]   250 18249     2837      384    57344        0             0 as
[  18250]   250 18250     2612      138    53248        0             0 x86_64-pc-linux
[  18251]   250 18251   510852   480738  4001792        0             0 cc1plus
[  18252]   250 18252     2837      385    57344        0             0 as
[  18256]   250 18256     2612      138    57344        0             0 x86_64-pc-linux
[  18257]   250 18257   476836   441917  3731456        0             0 cc1plus
[  18258]   250 18258     2837      385    61440        0             0 as
[  18277]   250 18277     2612      138    57344        0             0 x86_64-pc-linux
[  18278]   250 18278   427676   392761  3334144        0             0 cc1plus
[  18279]   250 18279     2837      384    61440        0             0 as
[  18280]   250 18280     2612      138    45056        0             0 x86_64-pc-linux
[  18281]   250 18281   404169   369298  3149824        0             0 cc1plus
[  18282]   250 18282     2837      384    65536        0             0 as
[  18292]   250 18292     2612      138    57344        0             0 x86_64-pc-linux
[  18293]   250 18293   375407   339518  2916352        0             0 cc1plus
[  18294]   250 18294     2837      385    65536        0             0 as
[  18309]   250 18309     2612      138    53248        0             0 x86_64-pc-linux
[  18310]   250 18310   307553   288758  2461696        0             0 cc1plus
[  18311]   250 18311     2837      385    49152        0             0 as
[  18318]   250 18318     2612      137    53248        0             0 x86_64-pc-linux
[  18319]   250 18319   241334   214379  1863680        0             0 cc1plus
[  18320]   250 18320     2837      385    57344        0             0 as
[  18321]   250 18321     2612      138    49152        0             0 x86_64-pc-linux
[  18322]   250 18322   242989   215969  1875968        0             0 cc1plus
[  18323]   250 18323     2837      385    61440        0             0 as
[  18324]   250 18324     2612      138    57344        0             0 x86_64-pc-linux
[  18325]   250 18325   232296   205230  1781760        0             0 cc1plus
[  18326]   250 18326     2837      385    61440        0             0 as
[  18340]   250 18340     2612      138    57344        0             0 x86_64-pc-linux
[  18341]   250 18341   108526    79888   798720        0             0 cc1plus
[  18342]   250 18342     2837      384    57344        0             0 as
[  18343]   250 18343     2612      138    57344        0             0 x86_64-pc-linux
[  18344]   250 18344    39359    27339   348160        0             0 cc1plus
[  18345]   250 18345     2837      385    53248        0             0 as
[  pid  ]   uid  tgid total_vm      rss pgtables_bytes swapents oom_score_adj name
[   1426]     0  1426     4673      776    65536        0             0 systemd-udevd
[   1712]     0  1712    21566       46    53248        0             0 lvmetad
[   2209]   101  2209     1298      370    49152        0             0 dbus-daemon
[   2240]     0  2240   123964      125   106496        0             0 elogind-daemon
[   2559]     0  2559     1697      266    53248        0             0 bluetoothd
[   2593]     0  2593     2170      130    49152        0             0 syslog-ng
[   2594]     0  2594   109593      414   106496        0             0 syslog-ng
[   2627]     0  2627     2042       83    45056        0             0 crond
[   2659]     0  2659     4116      491    73728        0             0 cupsd
[   2747]     0  2747      821      124    45056        0             0 dhcpcd
[   2847]     0  2847    34292      355   122880        0             0 sddm
[   2884]     0  2884     1828       41    49152        0             0 agetty
[   2885]     0  2885     1828       41    49152        0             0 agetty
[   2886]     0  2886     1828       41    53248        0             0 agetty
[   2887]     0  2887     1828       40    53248        0             0 agetty
[   2888]     0  2888     1828       41    57344        0             0 agetty
[   2889]     0  2889     1828       41    53248        0             0 agetty
[   2893]     0  2893  7280083   341179  3645440        0             0 X
[   2981]   999  2981     1153       88    49152        0             0 dbus-launch
[   2982]   999  2982     1003       82    49152        0             0 dbus-daemon
[   3030]     0  3030    13828      321    94208        0             0 sddm-helper
[   3035]  1000  3035    67790     1178   233472        0             0 kwalletd5
[   3036]  1000  3036    34973      509   118784        0             0 startplasma-x11
[   3041]  1000  3041     1153       86    49152        0             0 dbus-launch
[   3042]  1000  3042     1299      372    49152        0             0 dbus-daemon
[   3061]  1000  3061      552       24    36864        0             0 start_kdeinit
[   3062]  1000  3062    26099      852   192512        0             0 kdeinit5
[   3063]  1000  3063    67147     1111   233472        0             0 klauncher
[   3111]  1000  3111   449682     6608   655360        0             0 kded5
[   3115]  1000  3115  1073918   179098  2367488        0             0 kwin_x11
[   3138]  1000  3138    67473     1389   233472        0             0 kglobalaccel5
[   3179]  1000  3179    38793      137    77824        0             0 dconf-service
[   3204]  1000  3204    68318     1321   237568        0             0 ksmserver
[   3206]  1000  3206   134470      987   233472        0             0 kactivitymanage
[   3217]  1000  3217   131034     4203   442368        0             0 polkit-kde-auth
[   3219]  1000  3219    53850      453   151552        0             0 xembedsniproxy
[   3221]  1000  3221 67164289     1202   249856        0             0 baloo_file
[   3225]     0  3225    97317      473   122880        0             0 udisksd
[   3229]  1000  3229  1855328   234724  3149824        0             0 plasmashell
[   3232]  1000  3232    67486     1150   233472        0             0 kaccess
[   3241]  1000  3241    99002     1049   229376        0             0 org_kde_powerde
[   3243]   102  3243   749307     1415   258048        0             0 polkitd
[   3282]  1000  3282    54187      491   151552        0             0 gmenudbusmenupr
[   3292]  1000  3292   189871     1248   114688        0             0 pulseaudio
[   3293]     0  3293    57512      293    73728        0             0 upowerd
[   3358]  1000  3358    53894      556   151552        0             0 kscreen_backend
[   3362]  1000  3362    58357      162    81920        0             0 gsettings-helpe
[   3388]  1000  3388    10594      142    69632        0             0 obexd
[   3396]  1000  3396  1407980   198050  5804032        0             0 firefox
[   3603]  1000  3603    76084      188    86016        0             0 at-spi-bus-laun
[   3727]  1000  3727  3916636    50323  2412544        0             0 Web Content
[   3790]  1000  3790  6964519    22715  1515520        0             0 WebExtensions
[   3863]  1000  3863   613810     5776   618496        0             0 Privileged Cont
[   4015]  1000  4015    26168      854   176128        0             0 kio_file.so
[   4226]  1000  4226     1012       77    45056        0             0 dbus-daemon
[   4234]  1000  4234    39386      178    69632        0             0 at-spi2-registr
[   4243]  1000  4243   187019     4281   479232        0             0 kde-add-printer
[   4309]  1000  4309   484588    15154   544768        0             0 system-config-p
[   4814]  1000  4814   744077    39467  2207744        0             0 Web Content
[   4854]  1000  4854   776360    70929  2297856        0             0 Web Content
[   5091]     0  5091     2201      228    53248        0             0 wpa_supplicant
[   5098]     0  5098      750       41    49152        0             0 wpa_cli
[   5441]  1000  5441   722347    32961  1867776        0             0 Web Content
[   2860]     0  2860    83401    12867   241664        0             0 fwupd
[   2900]     0  2900    37960       81    65536        0             0 gpg-agent
[   2933]  1000  2933    37075      454   143360        0             0 kio_http_cache_
[   3635]  1000  3635   708709    38381  1724416        0             0 Web Content
[   3846]  1000  3846     1900       90    53248        0             0 xsettingsd
[  23771]     4 23771     2420      116    57344        0             0 dbus
[  23823]  1000 23823   732016    76011  2084864        0             0 Web Content
[  23909]  1000 23909   925358   113689  3719168        0             0 Web Content
[  23947]  1000 23947   120713    27085   733184        0             0 RDD Process
[  24104]  1000 24104   194377    11016   548864        0             0 dolphin
[  24139]  1000 24139    26308      864   176128        0             0 baloosearch.so
[  25132]  1000 25132    26182      858   176128        0             0 kio_file.so
[  25141]  1000 25141    26182      858   176128        0             0 kio_file.so
[  25283]  1000 25283   805543    27287  2433024        0             0 Web Content
[  19014]  1000 19014   125897    35418   700416        0             0 kalzium
[  19357]  1000 19357    86733     1291   241664        0             0 kdeconnectd
[  22099]  1000 22099    86556      313   122880        0             0 mission-control
[  22110]  1000 22110 67176465     1187   344064        0             0 baloorunner
[  32467]  1000 32467   848706    10691   868352        0             0 plasmawindowed
[   2260]  1000  2260   175944    11894   561152        0             0 konsole
[   2269]  1000  2269     5706     2753    81920        0             0 zsh
[   2473]  1000  2473     1982       68    57344        0             0 su
[   2479]     0  2479     2772      365    61440        0             0 zsh
[   2481]     0  2481    72527    31296   339968        0             0 emerge
[   9372]     0  9372     4107     1183    73728        0             0 python3.9
[   9373]     0  9373     4145     1215    69632        0             0 python3.9
[   9376]   250  9376      587       41    45056        0             0 sandbox
[   9377]   250  9377     3350     1112    69632        0             0 ebuild.sh
[   9393]   250  9393     3382     1140    65536        0             0 ebuild.sh
[   9403]   250  9403     2541      306    61440        0             0 emake
[   9405]   250  9405     2689      804    61440        0             0 make
[   9407]   250  9407     2708      839    61440        0             0 make
[  10110]   250 10110     2694      820    57344        0             0 make
[  10120]   250 10120     2698      812    61440        0             0 make
[  10197]   250 10197    56574    54683   499712        0             0 ninja
[  13638]  1000 13638     5631     2064    77824        0             0 zsh
[  18773]  1000 18773  1158752    38158  1224704        0             0 plasma-discover
[  18949]  1000 18949     1982       67    53248        0             0 su
[  18966]     0 18966     5485     1966    77824        0             0 zsh
[  29930]     4 29930     2899      126    61440        0             0 rastertobrlaser
[  29931]     0 29931     2520      266    61440        0             0 lpd
[  20671]  1000 20671   170739     7234   483328        0             0 ksystemlog
[  13013]  1000 13013  1133590    49245  1376256        0             0 systemsettings5
[  13569]   250 13569     2581      135    53248        0             0 x86_64-pc-linux
[  13570]   250 13570   600320   565124  4706304        0             0 cc1plus
[  13571]   250 13571     2837      385    61440        0             0 as
[  13605]   250 13605     2581      135    57344        0             0 x86_64-pc-linux
[  13606]   250 13606   529015   508807  4235264        0             0 cc1plus
[  13607]   250 13607     2837      384    61440        0             0 as
[  13608]   250 13608     2581      134    57344        0             0 x86_64-pc-linux
[  13609]   250 13609   520155   484458  4059136        0             0 cc1plus
[  13610]   250 13610     2837      385    61440        0             0 as
[  13611]   250 13611     2581      134    53248        0             0 x86_64-pc-linux
[  13612]   250 13612   484249   449383  3784704        0             0 cc1plus
[  13613]   250 13613     2837      385    61440        0             0 as
[  13619]   250 13619     2581      135    61440        0             0 x86_64-pc-linux
[  13620]   250 13620   408602   383101  3219456        0             0 cc1plus
[  13621]   250 13621     2936      504    57344        0             0 as
[  13622]   250 13622     2581      135    57344        0             0 x86_64-pc-linux
[  13623]   250 13623   405716   384314  3223552        0             0 cc1plus
[  13624]   250 13624     2837      385    53248        0             0 as
[  13625]   250 13625     2581      134    53248        0             0 x86_64-pc-linux
[  13626]   250 13626   364301   338856  2859008        0             0 cc1plus
[  13627]   250 13627     2837      385    65536        0             0 as
[  13628]   250 13628     2581      134    61440        0             0 x86_64-pc-linux
[  13629]   250 13629   356105   328802  2789376        0             0 cc1plus
[  13630]   250 13630     2837      385    57344        0             0 as
[  13631]   250 13631     2581      135    57344        0             0 x86_64-pc-linux
[  13632]   250 13632   339165   312447  2658304        0             0 cc1plus
[  13633]   250 13633     2837      385    69632        0             0 as
[  13634]   250 13634     2581      133    53248        0             0 x86_64-pc-linux
[  13635]   250 13635   331986   311652  2641920        0             0 cc1plus
[  13636]   250 13636     2837      384    65536        0             0 as
[  13637]   250 13637     2581      135    53248        0             0 x86_64-pc-linux
[  13639]   250 13639   317453   295140  2523136        0             0 cc1plus
[  13640]   250 13640     2837      385    69632        0             0 as
[  13657]   250 13657     2581      135    57344        0             0 x86_64-pc-linux
[  13658]   250 13658   272708   249713  2142208        0             0 cc1plus
[  13659]   250 13659     2837      384    57344        0             0 as
[  13692]   250 13692     2581      134    61440        0             0 x86_64-pc-linux
[  13693]   250 13693   223763   197542  1720320        0             0 cc1plus
[  13694]   250 13694     2837      385    57344        0             0 as
[  13695]   250 13695     2581      133    57344        0             0 x86_64-pc-linux
[  13696]   250 13696   213909   187632  1646592        0             0 cc1plus
[  13697]   250 13697     2837      385    57344        0             0 as
[  13698]   250 13698     2581      134    53248        0             0 x86_64-pc-linux
[  13699]   250 13699   147916   126571  1163264        0             0 cc1plus
[  13700]   250 13700     2837      385    61440        0             0 as
[  13701]   250 13701     2581      135    65536        0             0 x86_64-pc-linux
[  13702]   250 13702   137303   112379  1064960        0             0 cc1plus
[  13703]   250 13703     2837      384    61440        0             0 as
[  pid  ]   uid  tgid total_vm      rss pgtables_bytes swapents oom_score_adj name
[   1426]     0  1426     4673      776    65536        0             0 systemd-udevd
[   1712]     0  1712    21566       46    53248        0             0 lvmetad
[   2209]   101  2209     1305      382    49152        0             0 dbus-daemon
[   2240]     0  2240   123964      127   106496        0             0 elogind-daemon
[   2559]     0  2559     1697      266    53248        0             0 bluetoothd
[   2593]     0  2593     2170      130    49152        0             0 syslog-ng
[   2594]     0  2594   109593      414   106496        0             0 syslog-ng
[   2627]     0  2627     2042       83    45056        0             0 crond
[   2659]     0  2659     4116      491    73728        0             0 cupsd
[   2747]     0  2747      821      124    45056        0             0 dhcpcd
[   2847]     0  2847    34292      355   122880        0             0 sddm
[   2884]     0  2884     1828       41    49152        0             0 agetty
[   2885]     0  2885     1828       41    49152        0             0 agetty
[   2886]     0  2886     1828       41    53248        0             0 agetty
[   2887]     0  2887     1828       40    53248        0             0 agetty
[   2888]     0  2888     1828       41    57344        0             0 agetty
[   2889]     0  2889     1828       41    53248        0             0 agetty
[   2893]     0  2893  7248297   314070  3407872        0             0 X
[   2981]   999  2981     1153       88    49152        0             0 dbus-launch
[   2982]   999  2982     1003       82    49152        0             0 dbus-daemon
[   3030]     0  3030    13828      321    94208        0             0 sddm-helper
[   3035]  1000  3035    67790     1178   233472        0             0 kwalletd5
[   3036]  1000  3036    34973      509   118784        0             0 startplasma-x11
[   3041]  1000  3041     1153       86    49152        0             0 dbus-launch
[   3042]  1000  3042     1300      375    49152        0             0 dbus-daemon
[   3061]  1000  3061      552       24    36864        0             0 start_kdeinit
[   3062]  1000  3062    26099      851   192512        0             0 kdeinit5
[   3063]  1000  3063    67147     1111   233472        0             0 klauncher
[   3111]  1000  3111   449722     6612   655360        0             0 kded5
[   3115]  1000  3115  1020190   123557  1953792        0             0 kwin_x11
[   3138]  1000  3138    67473     1422   233472        0             0 kglobalaccel5
[   3179]  1000  3179    38793      137    77824        0             0 dconf-service
[   3204]  1000  3204    68318     1320   237568        0             0 ksmserver
[   3206]  1000  3206   134634     1095   237568        0             0 kactivitymanage
[   3217]  1000  3217   131034     4228   442368        0             0 polkit-kde-auth
[   3219]  1000  3219    53850      464   151552        0             0 xembedsniproxy
[   3221]  1000  3221 67164289     1202   249856        0             0 baloo_file
[   3225]     0  3225    97317      473   122880        0             0 udisksd
[   3229]  1000  3229  1866679   239587  3215360        0             0 plasmashell
[   3232]  1000  3232    67486     1169   233472        0             0 kaccess
[   3241]  1000  3241    99002     1067   229376        0             0 org_kde_powerde
[   3243]   102  3243   749307     1457   258048        0             0 polkitd
[   3282]  1000  3282    54187      491   151552        0             0 gmenudbusmenupr
[   3292]  1000  3292   189872     1249   114688        0             0 pulseaudio
[   3293]     0  3293    57519      349    73728        0             0 upowerd
[   3358]  1000  3358    53894      586   151552        0             0 kscreen_backend
[   3362]  1000  3362    58357      162    81920        0             0 gsettings-helpe
[   3388]  1000  3388    10594      142    69632        0             0 obexd
[   3396]  1000  3396  1363739   183634  5689344        0             0 firefox
[   3603]  1000  3603    76084      189    86016        0             0 at-spi-bus-laun
[   3727]  1000  3727  3905788    44386  2338816        0             0 Web Content
[   3790]  1000  3790  6964621    25109  1544192        0             0 WebExtensions
[   3863]  1000  3863   613557     5709   618496        0             0 Privileged Cont
[   4015]  1000  4015    26168      854   176128        0             0 kio_file.so
[   4226]  1000  4226     1012       89    45056        0             0 dbus-daemon
[   4234]  1000  4234    39386      179    69632        0             0 at-spi2-registr
[   4243]  1000  4243   187019     4308   479232        0             0 kde-add-printer
[   4814]  1000  4814   746218    44256  2224128        0             0 Web Content
[   4854]  1000  4854   778747    84184  2551808        0             0 Web Content
[   5091]     0  5091     2201      228    53248        0             0 wpa_supplicant
[   5098]     0  5098      750       41    49152        0             0 wpa_cli
[   5441]  1000  5441   728853    36676  2039808        0             0 Web Content
[   2860]     0  2860    83401    12868   241664        0             0 fwupd
[   2900]     0  2900    37960       81    65536        0             0 gpg-agent
[   2933]  1000  2933    37075      454   143360        0             0 kio_http_cache_
[   3635]  1000  3635   707063    33421  1736704        0             0 Web Content
[   3846]  1000  3846     1900       90    53248        0             0 xsettingsd
[  23771]     4 23771     2420      116    57344        0             0 dbus
[  23823]  1000 23823   733247    76514  2101248        0             0 Web Content
[  23909]  1000 23909   811415   112050  2818048        0             0 Web Content
[  23947]  1000 23947   113489    19861   675840        0             0 RDD Process
[  24104]  1000 24104 67520041    28984   827392        0             0 dolphin
[  25283]  1000 25283   682036    20193  1470464        0             0 Web Content
[  19357]  1000 19357    86759     1338   241664        0             0 kdeconnectd
[  22099]  1000 22099    86556      357   122880        0             0 mission-control
[  22110]  1000 22110 67176514     1217   344064        0             0 baloorunner
[  32467]  1000 32467   848706    10763   868352        0             0 plasmawindowed
[   2260]  1000  2260   175152    11086   557056        0             0 konsole
[   2269]  1000  2269     5706     2753    81920        0             0 zsh
[   2473]  1000  2473     1982       68    57344        0             0 su
[   2479]     0  2479     2772      367    61440        0             0 zsh
[  13638]  1000 13638     5631     2064    77824        0             0 zsh
[  18949]  1000 18949     1982       67    53248        0             0 su
[  18966]     0 18966     5481     2046    81920        0             0 zsh
[  21358]     0 21358    57578      279    86016        0             0 accounts-daemon
[  21408]     0 21408    53641    30866   323584        0             0 emerge
[  22355]     0 22355     4106     1182    69632        0             0 python3.9
[  22356]     0 22356     4115     1215    73728        0             0 python3.9
[  22359]   250 22359      587       41    45056        0             0 sandbox
[  22360]   250 22360     3350     1113    69632        0             0 ebuild.sh
[  22376]   250 22376     3382     1139    65536        0             0 ebuild.sh
[  22386]   250 22386     2541      305    65536        0             0 emake
[  22388]   250 22388     2689      804    65536        0             0 make
[  22390]   250 22390     2708      839    61440        0             0 make
[  23045]   250 23045     2694      821    61440        0             0 make
[  23055]   250 23055     2698      812    61440        0             0 make
[  23946]   250 23946    56505    54685   495616        0             0 ninja
[  18031]  1000 18031   185891     6664   598016        0             0 filelight
[  28905]  1000 28905    26308      864   176128        0             0 baloosearch.so
[  10089]  1000 10089    26517      902   184320        0             0 kio_file.so
[  20177]  1000 20177    82493      936   208896        0             0 kio_file.so
[  31361]  1000 31361   201231    55305   958464        0             0 kile
[  31371]  1000 31371     2988      532    61440        0             0 zsh
[  31588]  1000 31588   825493     5867   786432        0             0 thumbnail.so
[  31797]  1000 31797    26431      856   180224        0             0 kio_file.so
[  32534]  1000 32534   941285    67577  1499136        0             0 systemsettings5
[  32608]  1000 32608    34832     1659   114688        0             0 fontinst
[  32651]   250 32651     2581      134    57344        0             0 x86_64-pc-linux
[  32652]   250 32652   564835   545849  4513792        0             0 cc1plus
[  32653]   250 32653     2837      385    61440        0             0 as
[  32654]   250 32654     2581      134    61440        0             0 x86_64-pc-linux
[  32655]   250 32655   539113   519272  4300800        0             0 cc1plus
[  32656]   250 32656     2837      384    61440        0             0 as
[  32665]   250 32665     2581      135    61440        0             0 x86_64-pc-linux
[  32666]   250 32666   523806   488065  4091904        0             0 cc1plus
[  32667]   250 32667     2837      384    69632        0             0 as
[  32672]   250 32672     2581      135    53248        0             0 x86_64-pc-linux
[  32673]   250 32673   495222   460266  3858432        0             0 cc1plus
[  32674]   250 32674     2837      383    65536        0             0 as
[  32680]   250 32680     2581      135    61440        0             0 x86_64-pc-linux
[  32681]   250 32681   409118   383152  3207168        0             0 cc1plus
[  32682]   250 32682     2936      486    61440        0             0 as
[  32683]   250 32683     2581      134    53248        0             0 x86_64-pc-linux
[  32684]   250 32684   416736   395292  3330048        0             0 cc1plus
[  32685]   250 32685     2837      384    61440        0             0 as
[  32687]   250 32687     2581      134    57344        0             0 x86_64-pc-linux
[  32688]   250 32688   377300   352074  2965504        0             0 cc1plus
[  32689]   250 32689     2837      384    61440        0             0 as
[  32691]   250 32691     2581      135    57344        0             0 x86_64-pc-linux
[  32692]   250 32692   355607   328763  2785280        0             0 cc1plus
[  32693]   250 32693     2837      385    61440        0             0 as
[  32696]   250 32696     2581      134    57344        0             0 x86_64-pc-linux
[  32697]   250 32697   339153   312451  2658304        0             0 cc1plus
[  32698]   250 32698     2837      385    57344        0             0 as
[  32700]   250 32700     2581      135    49152        0             0 x86_64-pc-linux
[  32701]   250 32701   336108   314715  2682880        0             0 cc1plus
[  32702]   250 32702     2837      384    65536        0             0 as
[  32703]   250 32703     2581      135    53248        0             0 x86_64-pc-linux
[  32704]   250 32704   299159   276705  2363392        0             0 cc1plus
[  32705]   250 32705     2837      385    65536        0             0 as
[  32712]   250 32712     2581      135    57344        0             0 x86_64-pc-linux
[  32713]   250 32713   284747   261874  2240512        0             0 cc1plus
[  32714]   250 32714     2837      385    61440        0             0 as
[  32718]   250 32718     2581      134    57344        0             0 x86_64-pc-linux
[  32719]   250 32719   223764   197539  1724416        0             0 cc1plus
[  32720]   250 32720     2837      385    61440        0             0 as
[  32721]   250 32721     2581      134    57344        0             0 x86_64-pc-linux
[  32722]   250 32722   217560   191338  1679360        0             0 cc1plus
[  32723]   250 32723     2837      384    45056        0             0 as
[  32724]   250 32724     2581      135    57344        0             0 x86_64-pc-linux
[  32725]   250 32725   147907   126205  1163264        0             0 cc1plus
[  32726]   250 32726     2837      384    65536        0             0 as
[  32727]   250 32727     2581      135    57344        0             0 x86_64-pc-linux
[  32728]   250 32728   138842   113926  1077248        0             0 cc1plus
[  32729]   250 32729     2837      385    61440        0             0 as
[drm] Initialized i915 1.6.0 20200917 for 0000:00:02.0 on minor 0
[drm] Initialized i915 1.6.0 20200917 for 0000:00:02.0 on minor 0
